test/data/sp3/igrg3380.10i
     1.0            IONOSPHERE MAPS     MIX                 IONEX VERSION / TYPE
tecrms2ionex_2.awk  GRL/UWM            12/05/10 2312UT      PGM / RUN BY / DATE
Global ionosphere maps for day 338, 2010 ( 4-12-2010)       DESCRIPTION
IONEX file containing the COMBINED IGS Ionosphere maps      DESCRIPTION
from the combination of the following IAACs:                DESCRIPTION
corg                                                        DESCRIPTION
esrg                                                        DESCRIPTION
jprg                                                        DESCRIPTION
uprg                                                        DESCRIPTION
Contact address: Andrzej Krankowski                         DESCRIPTION
                 Geodynamics Research Laboratory            DESCRIPTION
                 University of Warmia and Mazury (GRL/UWM)  DESCRIPTION
                 Oczapowski St. 1                           DESCRIPTION
                 10-957-Olsztyn, POLAND                     DESCRIPTION
                 e-mail:  kand@uwm.edu.pl                   DESCRIPTION
                                                            DESCRIPTION
  2010    12     4     0     0     0                        EPOCH OF FIRST MAP
  2010    12     5     0     0     0                        EPOCH OF LAST MAP
  7200                                                      INTERVAL
    13                                                      # OF MAPS IN FILE
  COSZ                                                      MAPPING FUNCTION
     0.0                                                    ELEVATION CUTOFF
Combined TEC calculated as weighted mean of input TEC valuesOBSERVABLES USED
   322                                                      # OF STATIONS
    32                                                      # OF SATELLITES
  6371.0                                                    BASE RADIUS
     2                                                      MAP DIMENSION
   450.0 450.0   0.0                                        HGT1 / HGT2 / DHGT
    87.5 -87.5  -2.5                                        LAT1 / LAT2 / DLAT
  -180.0 180.0   5.0                                        LON1 / LON2 / DLON
    -1                                                      EXPONENT
TEC values in  0.1 TECUs; 9999 if no value available        COMMENT
DCB values in nanoseconds, reference is Sum_of_SatDCBs = 0  COMMENT
                                                            END OF HEADER
[from data line 3861]
    10                                                      START OF TEC MAP
  2010    12     4    18     0     0                        EPOCH OF CURRENT MAP
    87.5-180.0 180.0   5.0 450.0                            LAT/LON1/LON2/DLON/H
   60   60   60   60   60   60   60   60   60   60   59   59   58   58   57   57
   56   56   55   55   54   54   53   53   52   51   51   50   50   49   49   49
   49   49   48   49   49   49   49   49   50   50   50   51   51   52   52   53
   54   54   55   56   56   57   57   57   58   58   59   59   59   59   59   60
   60   60   60   60   60   60   60   60   60
    85.0-180.0 180.0   5.0 450.0                            LAT/LON1/LON2/DLON/H
   61   61   61   61   62   61   62   61   61   61   61   61   60   60   59   59
   58   57   55   54   53   52   50   48   47   46   45   44   43   42   41   41
   41   40   40   41   41   41   41   41   42   42   43   45   46   48   49   51
   51   52   52   54   55   56   56   57   58   59   59   60   60   61   60   61
   61   61   61   60   61   61   61   61   61
    82.5-180.0 180.0   5.0 450.0                            LAT/LON1/LON2/DLON/H
   60   61   61   62   62   63   63   63   64   64   64   64   64   64   62   61
   59   58   55   53   51   49   48   45   43   43   42   41   39   38   38   36
   36   36   36   36   36   36   36   37   37   38   38   39   40   42   44   48
   49   49   50   51   51   52   53   53   54   56   56   58   59   59   59   59
   58   56   57   57   58   59   59   60   60
    80.0-180.0 180.0   5.0 450.0                            LAT/LON1/LON2/DLON/H
   58   59   59   60   60   61   61   63   64   65   65   65   65   65   65   64
   62   61   59   57   55   50   47   46   43   41   38   37   35   34   33   32
   32   32   32   32   32   33   34   34   35   35   36   36   37   38   39   40
   43   45   45   46   46   47   47   47   49   50   51   54   55   56   55   53
   51   51   52   54   55   56   57   57   58
    77.5-180.0 180.0   5.0 450.0                            LAT/LON1/LON2/DLON/H
   54   55   55   55   56   56   57   58   59   61   62   63   65   66   66   66
   67   65   63   60   57   53   49   44   42   40   37   35   34   32   31   30
   30   31   31   31   32   32   33   33   34   34   35   35   36   37   37   38
   39   39   40   41   41   42   42   43   45   46   48   50   51   51   50   49
   48   48   49   50   52   52   53   54   54
    75.0-180.0 180.0   5.0 450.0                            LAT/LON1/LON2/DLON/H
   51   51   51   51   50   51   51   52   54   56   58   61   64   67   69   70
   71   70   70   67   64   58   55   50   47   44   40   38   36   34   33   32
   31   32   32   33   34   34   34   35   35   35   35   36   36   37   38   38
   38   38   37   38   39   39   39   40   42   44   45   45   46   46   45   45
   45   45   46   47   48   49   49   50   51
    72.5-180.0 180.0   5.0 450.0                            LAT/LON1/LON2/DLON/H
   47   47   47   46   46   45   45   47   49   52   55   59   64   68   72   75
   77   78   77   76   73   68   64   59   54   51   47   43   40   38   37   35
   34   34   34   35   35   36   36   36   37   36   36   37   37   38   38   38
   38   37   36   36   36   36   37   37   38   40   41   41   41   41   42   42
   42   42   43   44   44   45   46   47   47
    70.0-180.0 180.0   5.0 450.0                            LAT/LON1/LON2/DLON/H
   45   45   45   44   43   42   42   44   46   50   55   61   66   71   77   80
   84   86   88   89   84   80   75   68   63   58   54   51   47   43   42   40
   39   37   36   37   36   37   37   37   37   37   37   38   39   39   39   39
   38   38   36   35   34   35   35   35   37   38   39   39   39   40   40   40
   40   40   40   40   41   43   44   45   45
    67.5-180.0 180.0   5.0 450.0                            LAT/LON1/LON2/DLON/H
   46   45   45   44   43   42   42   44   47   52   58   64   71   77   82   88
   91   95   99  100   96   92   86   78   73   67   63   59   55   52   49   46
   44   42   40   39   38   37   36   37   36   36   36   37   39   40   41   41
   40   39   38   37   36   37   37   38   39   40   41   41   40   41   41   41
   39   39   39   39   40   42   44   45   46
    65.0-180.0 180.0   5.0 450.0                            LAT/LON1/LON2/DLON/H
   48   48   48   47   46   46   46   49   52   58   64   71   77   84   89   95
   99  104  108  109  106  102   97   90   84   78   73   69   65   62   58   54
   51   47   44   43   41   38   37   36   36   36   37   38   41   42   44   45
   44   42   41   41   40   41   41   43   45   46   47   47   46   46   46   45
   43   42   41   41   41   43   46   47   48
    62.5-180.0 180.0   5.0 450.0                            LAT/LON1/LON2/DLON/H
   52   53   52   52   52   52   54   56   61   67   73   79   85   90   96  102
  106  112  115  117  114  112  106  100   94   88   84   80   76   72   68   63
   58   53   48   45   42   40   37   37   37   37   38   41   44   47   49   49
   49   47   46   46   46   47   48   50   51   53   54   54   54   53   52   51
   49   47   46   46   46   48   50   52   52
    60.0-180.0 180.0   5.0 450.0                            LAT/LON1/LON2/DLON/H
   58   58   58   58   59   61   63   66   72   77   83   89   93   98  103  108
  113  117  121  123  121  118  114  109  103   98   93   88   84   80   79   70
   62   57   51   48   45   42   40   40   41   41   44   48   51   54   56   56
   55   54   53   53   54   55   56   57   58   59   61   62   62   62   60   58
   56   54   53   53   53   54   55   57   58
    57.5-180.0 180.0   5.0 450.0                            LAT/LON1/LON2/DLON/H
   64   64   64   64   66   68   72   77   82   87   93   98  102  106  110  115
  118  122  125  127  125  123  119  114  110  106  101   96   91   86   83   75
   66   60   55   52   49   46   46   47   48   49   53   57   61   63   64   63
   63   62   61   61   61   62   63   64   64   65   67   68   70   70   68   65
   63   60   60   60   61   62   62   63   64
    55.0-180.0 180.0   5.0 450.0                            LAT/LON1/LON2/DLON/H
   69   68   68   70   72   76   80   85   91   96  102  107  110  113  117  120
  123  126  128  129  128  126  123  119  116  113  108  103   96   90   85   76
   69   63   59   56   54   53   53   55   57   60   64   67   70   71   71   71
   71   71   70   70   69   70   70   70   69   70   72   73   74   76   73   71
   69   67   67   67   68   68   69   69   69
    52.5-180.0 180.0   5.0 450.0                            LAT/LON1/LON2/DLON/H
   73   72   72   73   76   82   88   95  101  105  109  114  117  120  123  126
  128  130  131  130  128  127  125  124  121  119  114  108  101   94   87   79
   72   68   65   62   60   60   62   65   67   71   74   78   79   80   79   79
   79   79   79   79   79   77   77   76   74   74   75   76   77   78   78   76
   74   73   73   74   74   74   74   74   73
    50.0-180.0 180.0   5.0 450.0                            LAT/LON1/LON2/DLON/H
   75   74   75   77   81   88   96  103  109  114  117  120  123  126  129  131
  133  134  133  131  130  128  127  128  127  125  120  113  106   98   91   82
   76   74   72   69   68   69   70   74   78   81   85   87   88   89   88   87
   87   86   87   86   86   85   84   81   79   78   78   79   80   81   82   82
   80   79   79   79   79   78   77   76   75
    47.5-180.0 180.0   5.0 450.0                            LAT/LON1/LON2/DLON/H
   76   76   77   80   86   94  103  111  118  121  123  125  128  131  134  136
  138  139  137  135  133  130  130  132  132  131  127  120  112  103   95   86
   81   79   78   78   76   77   78   82   86   91   94   96   98   97   96   95
   94   93   92   92   92   90   89   86   83   82   81   82   84   86   86   86
   85   84   83   83   82   80   78   77   76
    45.0-180.0 180.0   5.0 450.0                            LAT/LON1/LON2/DLON/H
   76   77   79   84   91  101  111  119  125  128  130  130  132  135  139  141
  144  144  143  140  138  135  135  137  138  138  134  127  118  109   99   91
   87   85   85   85   84   85   86   88   93   97  100  103  104  103  102  101
   99   98   98   97   97   95   93   90   88   86   85   86   87   90   91   90
   89   88   86   85   83   81   79   77   76
    42.5-180.0 180.0   5.0 450.0                            LAT/LON1/LON2/DLON/H
   76   77   80   86   95  107  118  127  133  136  136  136  137  139  143  146
  149  150  150  147  145  141  141  143  146  145  140  134  125  115  105   98
   93   92   91   91   91   91   92   94   97  101  104  106  107  106  105  103
  102  101  100  100   99   98   95   93   90   88   87   87   88   90   92   92
   91   90   88   86   83   81   78   76   76
    40.0-180.0 180.0   5.0 450.0                            LAT/LON1/LON2/DLON/H
   75   77   81   89   98  111  124  134  140  144  144  143  143  144  146  151
  154  157  158  156  152  148  148  150  152  151  146  141  133  122  113  106
  102   99   99   98   98   97   97   98  101  104  107  108  108  106  104  102
  102  100  100   99   98   97   95   91   88   87   86   86   87   89   91   91
   91   90   88   85   81   78   76   75   75
    37.5-180.0 180.0   5.0 450.0                            LAT/LON1/LON2/DLON/H
   73   76   82   90  101  114  127  139  148  153  153  152  151  151  151  155
  160  164  166  165  161  156  155  156  158  157  152  146  139  129  121  116
  111  109  107  106  105  103  102  102  104  107  109  109  107  104  102  100
   99   98   97   96   95   94   92   89   86   84   84   84   85   87   89   88
   89   88   86   82   78   74   72   71   73
    35.0-180.0 180.0   5.0 450.0                            LAT/LON1/LON2/DLON/H
   71   76   82   90  101  115  128  142  152  160  162  161  160  159  158  161
  165  170  173  173  169  165  162  162  164  161  156  151  144  138  132  128
  123  120  117  114  112  109  108  107  108  109  111  110  107  103  100   98
   96   94   93   92   91   91   89   86   84   83   83   83   84   85   86   86
   86   85   83   79   75   71   69   69   71
    32.5-180.0 180.0   5.0 450.0                            LAT/LON1/LON2/DLON/H
   70   76   83   92  101  114  128  142  154  164  169  171  169  167  166  166
  169  175  178  179  175  171  168  168  167  163  159  155  151  148  145  141
  137  132  128  124  120  116  114  112  112  113  113  112  108  103   98   95
   93   91   89   88   88   88   88   86   84   83   83   83   83   83   84   84
   84   82   80   76   71   68   66   66   70
    30.0-180.0 180.0   5.0 450.0                            LAT/LON1/LON2/DLON/H
   69   76   86   95  103  114  127  141  155  166  175  180  179  176  173  173
  174  177  180  181  178  174  172  172  170  165  162  160  160  159  158  156
  153  148  143  136  130  126  122  121  120  119  118  116  112  104   98   95
   92   90   88   87   87   88   88   86   85   84   84   84   83   84   83   83
   83   80   77   74   69   65   63   65   69
    27.5-180.0 180.0   5.0 450.0                            LAT/LON1/LON2/DLON/H
   70   79   90   99  107  115  127  141  155  169  181  189  189  186  183  180
  179  180  181  182  180  176  176  175  174  170  168  169  170  172  174  173
  171  166  161  154  145  136  133  132  130  127  125  122  116  108  101   97
   94   91   89   88   88   89   89   89   87   86   85   85   85   85   85   84
   83   80   76   73   68   64   63   64   70
    25.0-180.0 180.0   5.0 450.0                            LAT/LON1/LON2/DLON/H
   72   83   96  105  112  119  129  143  157  172  187  198  200  197  193  188
  185  183  182  181  179  178  178  179  178  177  177  181  183  189  192  192
  191  188  182  175  163  151  147  146  142  138  134  129  122  113  106  101
   97   93   91   90   89   90   91   90   89   88   87   87   86   86   86   86
   84   81   77   74   70   65   63   65   72
    22.5-180.0 180.0   5.0 450.0                            LAT/LON1/LON2/DLON/H
   75   87  101  113  119  126  135  147  162  177  194  207  212  210  206  199
  194  188  183  180  179  178  180  183  184  186  190  196  200  207  211  212
  213  211  205  196  184  170  164  160  154  147  141  135  127  119  112  106
  101   97   94   92   91   91   91   91   90   89   89   88   88   88   89   88
   87   83   79   77   72   68   65   67   75
    20.0-180.0 180.0   5.0 450.0                            LAT/LON1/LON2/DLON/H
   79   92  108  121  129  136  144  156  171  186  203  219  227  226  222  215
  207  196  186  181  178  180  183  188  192  199  205  213  219  227  231  235
  237  237  230  220  208  189  179  170  161  155  147  140  132  123  116  109
  105  101   98   94   92   91   92   92   91   90   89   88   88   89   90   90
   89   85   81   78   75   70   68   70   79
    17.5-180.0 180.0   5.0 450.0                            LAT/LON1/LON2/DLON/H
   83   97  114  128  139  147  155  167  183  200  216  233  243  247  245  238
  227  210  195  185  181  183  188  195  203  214  223  233  241  248  253  257
  262  260  256  245  228  206  190  177  168  159  151  144  134  125  117  112
  108  105  101   96   93   91   91   92   92   91   90   89   89   89   91   91
   90   87   82   79   76   72   71   73   83
    15.0-180.0 180.0   5.0 450.0                            LAT/LON1/LON2/DLON/H
   86  101  119  135  147  157  168  181  197  214  232  249  263  272  272  264
  250  229  208  195  189  190  195  204  215  231  244  256  264  271  278  281
  283  282  276  262  242  217  198  184  172  163  153  144  135  125  117  113
  110  108  105   99   94   91   91   93   93   91   90   89   88   88   90   91
   89   85   81   79   77   75   73   76   86
    12.5-180.0 180.0   5.0 450.0                            LAT/LON1/LON2/DLON/H
   88  104  123  140  154  166  180  196  213  231  249  269  285  298  300  296
  277  251  227  212  203  203  207  216  229  249  266  280  287  293  298  300
  301  300  291  274  251  225  204  189  176  164  153  142  132  123  116  113
  114  114  109  102   95   91   91   93   93   91   89   88   87   86   88   88
   86   82   79   78   77   76   75   78   88
    10.0-180.0 180.0   5.0 450.0                            LAT/LON1/LON2/DLON/H
   90  106  126  145  161  175  192  211  229  248  267  289  308  326  330  327
  306  280  253  235  226  223  226  235  250  269  290  303  308  311  313  313
  313  311  301  282  258  232  210  193  178  165  152  140  131  123  116  115
  118  119  115  106   96   91   91   92   93   92   89   88   86   85   85   85
   83   78   76   76   76   76   76   79   90
     7.5-180.0 180.0   5.0 450.0                            LAT/LON1/LON2/DLON/H
   90  108  129  149  167  185  204  224  245  264  286  308  329  351  359  355
  336  310  283  265  255  251  254  262  276  296  314  324  328  327  325  323
  321  317  307  289  266  240  216  198  181  167  153  141  131  124  120  120
  125  128  123  113  101   95   95   95   96   94   91   89   88   86   85   83
   79   75   73   73   74   74   75   80   90
     5.0-180.0 180.0   5.0 450.0                            LAT/LON1/LON2/DLON/H
   91  110  130  151  171  191  213  235  257  278  300  322  347  370  382  378
  362  340  314  298  288  284  286  292  305  321  336  343  345  342  337  332
  328  323  313  296  274  249  225  205  188  171  157  145  136  131  129  131
  137  140  134  123  110  104  104  104  103  100   97   95   92   90   86   82
   78   74   72   72   72   73   74   80   91
     2.5-180.0 180.0   5.0 450.0                            LAT/LON1/LON2/DLON/H
   93  112  133  153  174  196  220  243  266  287  309  331  356  378  392  392
  381  364  343  330  322  318  319  321  328  341  353  359  359  354  348  343
  336  329  318  302  282  258  237  216  197  182  168  156  147  144  145  148
  154  156  149  136  124  118  117  116  114  111  106  102  100   97   91   85
   80   76   74   73   73   73   74   80   93
