test/data/sp3/igrg3390.10i
     1.0            IONOSPHERE MAPS     MIX                 IONEX VERSION / TYPE
tecrms2ionex_2.awk  GRL/UWM            12/06/10 2312UT      PGM / RUN BY / DATE
Global ionosphere maps for day 339, 2010 ( 5-12-2010)       DESCRIPTION
IONEX file containing the COMBINED IGS Ionosphere maps      DESCRIPTION
from the combination of the following IAACs:                DESCRIPTION
corg                                                        DESCRIPTION
esrg                                                        DESCRIPTION
jprg                                                        DESCRIPTION
uprg                                                        DESCRIPTION
Contact address: Andrzej Krankowski                         DESCRIPTION
                 Geodynamics Research Laboratory            DESCRIPTION
                 University of Warmia and Mazury (GRL/UWM)  DESCRIPTION
                 Oczapowski St. 1                           DESCRIPTION
                 10-957-Olsztyn, POLAND                     DESCRIPTION
                 e-mail:  kand@uwm.edu.pl                   DESCRIPTION
                                                            DESCRIPTION
  2010    12     5     0     0     0                        EPOCH OF FIRST MAP
  2010    12     6     0     0     0                        EPOCH OF LAST MAP
  7200                                                      INTERVAL
    13                                                      # OF MAPS IN FILE
  COSZ                                                      MAPPING FUNCTION
     0.0                                                    ELEVATION CUTOFF
Combined TEC calculated as weighted mean of input TEC valuesOBSERVABLES USED
   321                                                      # OF STATIONS
    32                                                      # OF SATELLITES
  6371.0                                                    BASE RADIUS
     2                                                      MAP DIMENSION
   450.0 450.0   0.0                                        HGT1 / HGT2 / DHGT
    87.5 -87.5  -2.5                                        LAT1 / LAT2 / DLAT
  -180.0 180.0   5.0                                        LON1 / LON2 / DLON
    -1                                                      EXPONENT
TEC values in  0.1 TECUs; 9999 if no value available        COMMENT
DCB values in nanoseconds, reference is Sum_of_SatDCBs = 0  COMMENT
                                                            END OF HEADER
[from data line 3003]
     8                                                      START OF TEC MAP
  2010    12     5    14     0     0                        EPOCH OF CURRENT MAP
    87.5-180.0 180.0   5.0 450.0                            LAT/LON1/LON2/DLON/H
   31   31   31   31   31   30   30   31   31   31   31   31   31   31   31   31
   31   31   31   31   31   31   31   30   31   31   31   31   31   31   31   32
   32   32   32   32   32   32   32   32   32   32   32   32   31   31   31   31
   31   31   31   31   31   31   31   31   31   31   31   31   31   31   31   31
   31   31   31   31   31   31   31   31   31
    85.0-180.0 180.0   5.0 450.0                            LAT/LON1/LON2/DLON/H
   31   31   31   31   31   32   32   32   32   33   33   33   33   33   33   33
   33   33   33   33   33   32   32   32   33   34   33   34   34   34   34   34
   34   34   34   34   34   34   34   33   33   33   33   33   33   32   32   31
   32   32   31   32   31   31   32   32   31   32   32   32   32   32   32   32
   32   32   32   32   31   31   31   31   31
    82.5-180.0 180.0   5.0 450.0                            LAT/LON1/LON2/DLON/H
   32   33   33   34   35   35   35   36   36   36   36   37   36   36   36   36
   36   35   35   35   35   35   34   35   35   36   36   36   37   37   37   38
   38   38   38   38   38   38   37   36   36   35   35   34   34   33   33   33
   33   32   32   32   32   32   32   33   33   33   33   34   34   34   34   34
   34   34   34   33   32   32   32   32   32
    80.0-180.0 180.0   5.0 450.0                            LAT/LON1/LON2/DLON/H
   34   35   35   35   36   37   38   38   39   40   40   41   41   41   41   41
   40   40   39   39   38   38   37   38   38   39   39   40   41   41   42   42
   43   43   42   42   41   40   39   39   38   37   36   35   34   33   33   32
   32   32   32   32   32   32   33   33   34   34   34   35   35   36   36   35
   35   34   34   34   34   34   34   34   34
    77.5-180.0 180.0   5.0 450.0                            LAT/LON1/LON2/DLON/H
   35   36   36   36   37   39   40   41   42   42   43   43   43   44   44   45
   45   45   44   44   44   44   43   44   44   45   45   46   47   48   48   49
   49   48   47   46   45   43   42   40   39   37   36   35   33   32   32   31
   32   31   32   32   32   33   33   34   34   34   35   35   36   35   35   35
   35   35   35   37   37   36   35   35   35
    75.0-180.0 180.0   5.0 450.0                            LAT/LON1/LON2/DLON/H
   36   36   37   37   39   40   41   42   43   43   44   44   45   46   47   49
   49   49   49   49   49   50   49   49   51   51   52   53   54   55   56   56
   56   55   54   52   50   47   45   43   40   38   36   34   33   31   30   30
   31   31   31   32   33   34   34   35   35   35   35   35   34   34   34   34
   33   35   35   39   39   37   37   36   36
    72.5-180.0 180.0   5.0 450.0                            LAT/LON1/LON2/DLON/H
   37   37   37   38   40   40   41   42   43   43   44   44   45   47   48   50
   51   52   52   53   54   55   56   56   57   59   60   61   62   63   64   64
   64   62   60   58   56   51   47   45   43   40   37   35   33   31   30   30
   30   31   32   33   34   35   36   36   35   35   34   34   34   34   34   33
   33   35   35   39   39   39   38   38   37
    70.0-180.0 180.0   5.0 450.0                            LAT/LON1/LON2/DLON/H
   38   37   38   39   40   40   41   41   42   42   43   43   44   45   47   48
   50   52   54   55   57   59   61   63   62   65   67   68   70   70   71   71
   70   68   65   64   60   57   51   47   45   43   39   37   34   32   31   31
   31   32   34   35   36   37   37   37   37   36   35   35   35   35   35   36
   37   39   39   41   41   40   39   39   38
    67.5-180.0 180.0   5.0 450.0                            LAT/LON1/LON2/DLON/H
   40   39   39   40   40   40   40   41   41   40   41   42   42   43   44   46
   48   51   53   56   59   62   65   69   67   70   72   75   76   77   77   77
   76   75   72   69   66   62   58   54   50   47   44   41   39   36   35   34
   34   35   36   37   39   39   39   39   38   38   37   37   37   37   39   41
   42   44   44   45   45   43   42   41   40
    65.0-180.0 180.0   5.0 450.0                            LAT/LON1/LON2/DLON/H
   43   42   42   42   42   42   41   41   41   41   40   40   40   40   40   42
   44   48   53   58   62   65   69   72   73   75   77   79   81   82   83   83
   82   80   78   75   72   68   64   61   57   54   51   47   44   42   40   38
   38   38   39   40   41   41   41   41   41   40   40   40   41   42   45   48
   49   50   51   51   50   48   47   45   43
    62.5-180.0 180.0   5.0 450.0                            LAT/LON1/LON2/DLON/H
   48   47   46   45   45   44   44   43   43   42   40   39   38   37   37   39
   41   46   52   61   64   67   72   75   77   79   81   84   85   88   89   91
   88   86   83   81   78   74   71   67   65   62   59   55   52   48   46   44
   42   42   42   43   44   43   43   43   42   42   42   43   45   47   50   53
   56   57   58   57   56   54   52   50   48
    60.0-180.0 180.0   5.0 450.0                            LAT/LON1/LON2/DLON/H
   54   53   51   50   48   48   47   46   46   45   43   41   39   37   37   37
   40   45   51   62   65   70   75   78   81   84   86   89   91   94   95   97
   94   92   90   87   84   81   78   76   73   71   68   64   60   56   53   49
   47   46   46   46   47   47   47   46   45   45   46   48   49   52   55   59
   63   65   65   64   63   61   58   56   54
    57.5-180.0 180.0   5.0 450.0                            LAT/LON1/LON2/DLON/H
   61   59   58   56   54   53   53   51   50   49   47   45   42   40   38   38
   40   46   53   62   68   73   79   83   86   90   92   96   98  101  102  102
  101   98   97   95   93   90   87   85   83   80   78   74   69   64   60   57
   54   51   51   51   51   51   51   50   49   50   52   53   55   58   62   66
   69   71   72   72   70   67   65   63   61
    55.0-180.0 180.0   5.0 450.0                            LAT/LON1/LON2/DLON/H
   68   66   65   63   61   59   59   57   55   54   53   50   47   44   41   41
   44   49   57   65   72   78   84   89   94   97  100  104  107  109  109  109
  107  106  104  103  102  100   98   95   92   90   87   83   79   74   69   65
   62   58   56   55   56   56   56   55   55   56   58   59   62   65   69   72
   75   77   77   77   76   73   71   69   68
    52.5-180.0 180.0   5.0 450.0                            LAT/LON1/LON2/DLON/H
   75   73   71   69   68   66   65   64   64   62   60   57   54   50   47   47
   49   54   62   70   78   85   90   96  103  106  109  112  115  117  117  115
  114  113  112  112  113  112  110  107  102   99   95   91   87   82   78   74
   69   65   63   62   62   62   62   62   62   63   65   67   70   73   76   78
   80   82   82   82   80   78   77   75   75
    50.0-180.0 180.0   5.0 450.0                            LAT/LON1/LON2/DLON/H
   80   80   77   75   73   72   72   72   72   72   69   65   61   56   54   54
   57   62   70   78   85   91   97  104  112  116  119  122  124  124  123  121
  119  119  119  120  122  124  122  117  112  106  102   98   95   91   86   82
   77   73   71   71   70   70   69   69   69   71   73   76   79   82   83   85
   85   86   85   85   84   83   81   81   80
    47.5-180.0 180.0   5.0 450.0                            LAT/LON1/LON2/DLON/H
   85   84   82   80   78   78   78   79   81   80   78   73   68   63   61   62
   65   72   79   87   93   99  104  112  120  126  130  132  131  130  128  125
  123  123  125  127  131  134  132  126  120  113  108  105  102   99   94   90
   85   82   81   80   80   79   78   77   77   79   81   84   87   89   90   91
   91   90   89   89   87   86   85   85   85
    45.0-180.0 180.0   5.0 450.0                            LAT/LON1/LON2/DLON/H
   86   86   84   82   82   82   84   86   88   88   85   81   74   70   68   70
   76   82   89   96  101  106  112  119  127  135  139  139  138  134  131  128
  126  125  128  132  137  141  141  136  128  122  116  112  110  106  102   98
   93   90   90   89   89   87   86   85   84   85   87   90   93   94   94   95
   95   94   92   91   89   87   86   86   86
    42.5-180.0 180.0   5.0 450.0                            LAT/LON1/LON2/DLON/H
   86   85   84   83   83   85   87   91   94   95   92   87   80   76   75   78
   86   93  100  106  111  114  118  125  132  140  144  143  141  137  132  129
  128  128  131  137  142  148  149  146  139  133  127  121  117  113  108  103
   99   97   96   96   95   93   91   90   88   89   90   92   93   95   96   96
   96   96   95   93   90   88   86   86   86
    40.0-180.0 180.0   5.0 450.0                            LAT/LON1/LON2/DLON/H
   83   83   82   82   83   85   89   93   98  100   98   93   86   82   83   87
   94  103  110  116  120  122  125  130  136  143  145  145  141  137  133  131
  130  132  136  141  149  155  157  155  150  144  137  130  124  117  112  106
  102  100  100  100   99   97   95   91   89   88   88   90   91   93   94   94
   95   95   94   92   90   87   85   84   83
    37.5-180.0 180.0   5.0 450.0                            LAT/LON1/LON2/DLON/H
   80   79   79   79   80   82   87   92   98  102  102   98   92   89   91   96
  103  112  120  125  129  130  132  136  140  144  145  145  141  139  136  135
  136  139  144  149  156  162  165  164  161  155  147  139  130  121  113  107
  102  101  100  100  100   98   95   92   89   86   85   85   86   87   89   90
   91   92   91   90   88   84   81   81   80
    35.0-180.0 180.0   5.0 450.0                            LAT/LON1/LON2/DLON/H
   76   76   76   76   77   79   82   88   95  100  103  101   97   95   98  103
  111  120  127  133  137  139  140  141  144  146  146  146  145  144  144  146
  148  151  155  162  167  171  173  173  171  166  157  147  135  124  114  106
  102  100   99   99  100   99   96   92   88   84   82   81   81   82   83   85
   87   88   88   86   83   80   78   77   76
    32.5-180.0 180.0   5.0 450.0                            LAT/LON1/LON2/DLON/H
   73   72   73   73   73   74   78   82   89   97  101  102  100   99  103  110
  119  127  134  140  144  147  147  147  148  150  149  150  152  155  159  162
  166  170  173  178  180  182  182  182  181  176  167  157  142  129  117  109
  103  100  100  100  101  100   97   94   89   86   83   80   79   79   80   82
   84   85   84   83   80   76   74   73   73
    30.0-180.0 180.0   5.0 450.0                            LAT/LON1/LON2/DLON/H
   70   71   71   71   71   72   74   77   83   90   96   99   99  101  107  114
  124  132  139  146  150  153  155  156  155  155  155  157  164  172  180  185
  189  193  195  199  200  198  195  194  192  188  179  168  153  137  125  115
  108  105  104  104  105  104  101   98   95   92   88   84   81   80   81   83
   85   85   83   80   77   73   71   71   70
    27.5-180.0 180.0   5.0 450.0                            LAT/LON1/LON2/DLON/H
   70   71   72   71   71   70   72   73   77   83   90   94   97  101  109  118
  128  136  143  150  155  159  163  164  164  164  165  171  183  196  207  213
  219  221  222  224  225  220  209  208  205  201  194  184  169  151  138  127
  120  116  114  113  112  111  109  106  103  100   96   91   88   86   85   87
   88   87   85   81   76   73   70   70   70
    25.0-180.0 180.0   5.0 450.0                            LAT/LON1/LON2/DLON/H
   72   73   74   74   73   71   72   72   73   78   83   88   92  100  110  121
  130  139  147  153  158  164  171  174  175  175  179  190  208  227  243  249
  253  252  250  254  257  243  225  223  219  216  212  203  188  170  156  146
  137  131  127  125  124  122  120  118  115  112  107  102   98   94   94   94
   93   92   89   85   79   75   73   72   72
    22.5-180.0 180.0   5.0 450.0                            LAT/LON1/LON2/DLON/H
   75   76   76   77   76   75   73   71   71   74   77   82   88   98  110  123
  133  142  150  155  161  170  178  183  186  190  197  213  239  265  285  288
  287  283  280  280  277  265  240  232  232  233  232  225  211  194  180  169
  160  151  146  143  140  136  135  132  129  125  121  114  109  106  104  103
  101   99   95   91   85   80   77   75   75
    20.0-180.0 180.0   5.0 450.0                            LAT/LON1/LON2/DLON/H
   79   79   79   80   79   77   75   72   71   72   74   78   84   96  111  127
  137  146  153  158  164  173  183  192  198  206  219  241  273  305  326  323
  315  312  307  300  295  281  256  245  246  251  254  250  238  222  208  194
  183  174  166  162  158  153  150  145  141  137  132  126  121  118  115  113
  110  106  103   98   92   86   82   80   79
    17.5-180.0 180.0   5.0 450.0                            LAT/LON1/LON2/DLON/H
   83   82   82   82   81   79   76   74   71   71   72   76   83   96  114  132
  143  151  158  163  168  176  188  198  207  220  240  266  300  336  354  348
  333  328  324  312  305  288  268  259  263  270  276  274  265  250  237  220
  208  195  186  181  176  169  163  155  150  146  140  135  131  128  125  122
  118  114  111  106  100   93   89   86   83
    15.0-180.0 180.0   5.0 450.0                            LAT/LON1/LON2/DLON/H
   86   84   84   84   83   81   78   75   72   71   72   76   84   99  119  137
  150  158  163  168  173  181  193  204  216  232  257  288  321  352  365  355
  339  329  325  315  308  294  280  277  281  290  298  298  289  275  261  245
  230  215  203  196  189  180  172  161  154  150  144  139  136  135  131  128
  124  119  118  112  106  100   94   89   86
    12.5-180.0 180.0   5.0 450.0                            LAT/LON1/LON2/DLON/H
   86   84   84   85   85   82   78   75   73   73   74   78   87  104  124  144
  157  166  172  177  183  190  199  211  225  243  270  301  331  355  362  352
  335  326  321  317  314  304  296  294  300  309  317  318  309  297  281  266
  248  231  216  206  197  187  175  163  154  148  143  139  138  138  134  130
  126  122  122  117  111  104   96   90   86
    10.0-180.0 180.0   5.0 450.0                            LAT/LON1/LON2/DLON/H
   84   82   82   83   83   81   78   75   75   75   77   81   92  110  131  150
  166  176  183  190  197  203  212  223  238  257  282  309  334  351  353  343
  330  324  323  323  322  318  314  314  318  326  332  332  324  311  295  279
  261  241  223  210  200  188  174  159  151  144  141  140  139  138  135  130
  126  123  122  118  113  105   97   90   84
     7.5-180.0 180.0   5.0 450.0                            LAT/LON1/LON2/DLON/H
   82   80   79   79   79   77   75   74   74   76   79   86   98  116  138  159
  176  189  197  205  214  222  230  241  255  273  294  316  334  344  345  337
  329  328  331  334  335  334  332  333  335  340  344  341  333  319  303  285
  267  245  225  209  196  183  170  157  148  143  142  142  141  140  136  131
  126  122  121  117  112  103   95   87   82
     5.0-180.0 180.0   5.0 450.0                            LAT/LON1/LON2/DLON/H
   80   77   76   75   74   72   71   71   73   76   81   90  104  123  146  168
  187  202  213  224  234  243  253  264  276  289  306  322  334  340  339  335
  334  338  345  351  352  352  351  351  351  351  349  343  334  319  303  286
  267  246  224  207  192  179  168  157  151  147  147  149  149  146  141  134
  129  123  120  115  109  101   91   84   80
     2.5-180.0 180.0   5.0 450.0                            LAT/LON1/LON2/DLON/H
   79   77   74   72   70   68   67   68   70   74   81   92  109  130  153  177
  197  215  230  243  255  267  276  288  297  306  317  328  335  338  340  341
  347  355  366  371  373  371  369  366  362  357  350  340  329  314  300  284
  266  246  226  207  191  179  171  165  160  158  159  161  161  156  150  142
  135  127  121  114  107   99   89   82   79
