test/data/sp3/igrg3390.10i
     1.0            IONOSPHERE MAPS     MIX                 IONEX VERSION / TYPE
tecrms2ionex_2.awk  GRL/UWM            12/06/10 2312UT      PGM / RUN BY / DATE
Global ionosphere maps for day 339, 2010 ( 5-12-2010)       DESCRIPTION
IONEX file containing the COMBINED IGS Ionosphere maps      DESCRIPTION
from the combination of the following IAACs:                DESCRIPTION
corg                                                        DESCRIPTION
esrg                                                        DESCRIPTION
jprg                                                        DESCRIPTION
uprg                                                        DESCRIPTION
Contact address: Andrzej Krankowski                         DESCRIPTION
                 Geodynamics Research Laboratory            DESCRIPTION
                 University of Warmia and Mazury (GRL/UWM)  DESCRIPTION
                 Oczapowski St. 1                           DESCRIPTION
                 10-957-Olsztyn, POLAND                     DESCRIPTION
                 e-mail:  kand@uwm.edu.pl                   DESCRIPTION
                                                            DESCRIPTION
  2010    12     5     0     0     0                        EPOCH OF FIRST MAP
  2010    12     6     0     0     0                        EPOCH OF LAST MAP
  7200                                                      INTERVAL
    13                                                      # OF MAPS IN FILE
  COSZ                                                      MAPPING FUNCTION
     0.0                                                    ELEVATION CUTOFF
Combined TEC calculated as weighted mean of input TEC valuesOBSERVABLES USED
   321                                                      # OF STATIONS
    32                                                      # OF SATELLITES
  6371.0                                                    BASE RADIUS
     2                                                      MAP DIMENSION
   450.0 450.0   0.0                                        HGT1 / HGT2 / DHGT
    87.5 -87.5  -2.5                                        LAT1 / LAT2 / DLAT
  -180.0 180.0   5.0                                        LON1 / LON2 / DLON
    -1                                                      EXPONENT
TEC values in  0.1 TECUs; 9999 if no value available        COMMENT
DCB values in nanoseconds, reference is Sum_of_SatDCBs = 0  COMMENT
                                                            END OF HEADER
[from data line 4290]
    11                                                      START OF TEC MAP
  2010    12     5    20     0     0                        EPOCH OF CURRENT MAP
    87.5-180.0 180.0   5.0 450.0                            LAT/LON1/LON2/DLON/H
   63   63   63   63   63   63   63   63   62   62   61   61   60   60   59   58
   58   57   56   56   55   54   54   53   53   52   52   51   51   51   51   51
   51   51   50   51   50   50   51   51   51   52   52   52   53   53   54   54
   55   55   56   56   57   57   58   58   58   59   59   59   60   60   61   61
   61   62   62   62   62   63   63   63   63
    85.0-180.0 180.0   5.0 450.0                            LAT/LON1/LON2/DLON/H
   66   66   66   67   67   67   66   66   66   65   65   64   63   62   61   59
   58   56   55   54   52   51   49   48   46   45   45   44   44   43   43   43
   43   43   43   43   43   43   44   44   45   45   46   46   47   48   48   49
   49   51   51   52   52   53   55   55   56   57   57   58   59   59   60   61
   62   62   63   63   64   64   65   65   66
    82.5-180.0 180.0   5.0 450.0                            LAT/LON1/LON2/DLON/H
   64   64   64   64   64   64   64   65   65   65   65   65   64   63   62   61
   59   58   55   52   50   48   46   43   41   40   39   38   37   37   37   37
   37   37   37   38   38   39   39   40   40   41   41   42   43   43   44   44
   44   45   45   46   46   47   48   50   51   52   53   53   55   55   57   58
   59   60   60   62   62   63   63   64   64
    80.0-180.0 180.0   5.0 450.0                            LAT/LON1/LON2/DLON/H
   58   58   58   59   59   60   62   63   64   66   67   68   68   68   66   65
   63   61   59   56   53   49   45   40   38   37   35   35   34   34   34   34
   35   35   36   37   38   39   39   38   38   38   38   39   40   40   40   40
   40   40   40   40   39   39   40   42   43   45   47   48   49   51   52   53
   55   56   56   57   57   57   58   58   58
    77.5-180.0 180.0   5.0 450.0                            LAT/LON1/LON2/DLON/H
   51   51   52   53   54   57   59   62   65   68   70   72   73   73   73   72
   69   66   63   59   56   51   48   45   42   39   37   36   36   35   35   35
   36   37   38   38   38   38   38   38   38   37   37   36   36   36   36   35
   35   35   35   34   33   33   34   36   37   39   41   42   44   46   48   49
   50   51   50   51   50   51   50   50   51
    75.0-180.0 180.0   5.0 450.0                            LAT/LON1/LON2/DLON/H
   43   45   46   48   51   54   57   62   66   69   73   76   79   81   80   81
   79   77   74   69   65   59   56   52   48   45   41   39   38   38   38   38
   39   39   39   40   40   39   38   37   36   35   34   33   32   32   33   31
   31   30   29   29   30   30   30   31   33   35   36   38   40   42   43   44
   45   45   45   45   45   45   44   44   43
    72.5-180.0 180.0   5.0 450.0                            LAT/LON1/LON2/DLON/H
   40   42   44   47   51   55   60   65   69   74   78   82   85   88   90   91
   92   90   86   82   76   69   65   60   55   51   47   44   41   40   41   41
   40   40   40   40   39   39   38   37   36   33   31   29   28   27   28   27
   27   26   27   27   27   27   28   29   31   32   34   35   37   39   40   41
   41   41   42   41   41   41   40   40   40
    70.0-180.0 180.0   5.0 450.0                            LAT/LON1/LON2/DLON/H
   41   44   47   52   57   61   66   71   75   80   85   89   93   96  100  104
  104  102   99   93   85   79   72   67   61   55   51   46   44   43   42   42
   41   40   40   40   39   38   37   36   34   32   30   28   27   26   25   25
   25   26   26   27   28   28   29   29   30   31   32   34   36   38   39   39
   39   40   40   39   39   38   39   39   41
    67.5-180.0 180.0   5.0 450.0                            LAT/LON1/LON2/DLON/H
   46   51   57   63   68   72   76   80   84   89   93   96  101  106  110  113
  113  112  108  102   93   87   79   72   64   58   55   49   45   45   44   43
   43   41   39   38   38   36   35   33   33   31   29   28   28   27   27   27
   28   29   30   31   32   32   32   33   34   34   34   36   37   39   40   40
   41   41   40   39   39   40   41   43   46
    65.0-180.0 180.0   5.0 450.0                            LAT/LON1/LON2/DLON/H
   53   60   68   75   82   88   89   91   95  100  102  105  109  114  117  120
  121  120  115  109  101   93   84   76   68   62   57   52   48   46   45   44
   42   41   38   36   36   36   34   32   31   31   29   30   31   32   32   32
   34   36   36   36   38   38   38   39   40   40   40   41   41   42   43   44
   44   44   44   43   43   44   45   49   53
    62.5-180.0 180.0   5.0 450.0                            LAT/LON1/LON2/DLON/H
   61   68   75   84   92   99  101  103  107  110  112  114  117  121  123  125
  126  124  120  114  106   96   87   80   72   65   59   55   51   48   47   47
   43   41   38   36   35   35   35   34   34   34   33   34   36   38   40   42
   43   44   45   45   45   46   45   46   46   46   46   46   47   47   48   49
   49   49   48   49   49   51   52   56   61
    60.0-180.0 180.0   5.0 450.0                            LAT/LON1/LON2/DLON/H
   67   75   82   91  101  109  113  116  119  121  122  123  124  125  128  129
  129  128  123  117  108   99   90   82   76   68   62   58   54   52   48   48
   44   41   40   38   37   38   39   39   40   40   42   43   45   48   51   52
   53   54   54   54   54   54   53   53   53   53   52   52   52   53   54   55
   55   55   55   55   55   56   58   62   67
    57.5-180.0 180.0   5.0 450.0                            LAT/LON1/LON2/DLON/H
   73   80   89   99  109  117  124  128  130  130  130  130  129  129  130  131
  131  129  125  118  110  102   93   85   78   72   67   63   59   56   52   50
   47   43   43   43   43   44   46   48   49   51   53   55   58   61   63   64
   64   65   64   64   63   61   61   60   60   59   59   58   59   59   60   61
   61   61   60   60   59   60   62   67   73
    55.0-180.0 180.0   5.0 450.0                            LAT/LON1/LON2/DLON/H
   77   85   95  105  115  123  131  136  138  137  136  135  133  132  132  132
  132  130  126  120  112  105   97   88   82   77   72   69   64   61   57   54
   51   48   48   49   52   54   57   60   62   65   68   69   71   74   75   75
   75   74   72   71   70   68   66   66   65   66   67   66   65   65   65   65
   65   64   64   63   63   63   66   70   77
    52.5-180.0 180.0   5.0 450.0                            LAT/LON1/LON2/DLON/H
   82   90  100  110  120  128  135  142  145  144  142  140  137  135  134  133
  133  131  128  123  116  109  101   94   88   82   78   75   71   68   64   61
   57   56   57   59   62   66   70   74   76   79   81   82   84   86   86   86
   84   81   79   77   75   72   70   71   71   72   73   73   72   71   70   69
   68   67   66   65   66   66   69   75   82
    50.0-180.0 180.0   5.0 450.0                            LAT/LON1/LON2/DLON/H
   87   97  105  114  123  131  139  145  149  149  148  144  142  138  136  135
  135  134  131  127  122  115  109  102   95   91   86   82   79   76   71   67
   64   63   66   69   73   78   83   85   87   89   91   93   95   97   96   95
   92   87   84   82   79   76   75   75   76   77   79   79   78   77   75   73
   71   69   67   67   68   70   74   79   87
    47.5-180.0 180.0   5.0 450.0                            LAT/LON1/LON2/DLON/H
   93  103  111  119  127  134  141  148  152  154  153  149  147  142  139  138
  138  137  136  133  128  123  118  111  105  101   96   91   86   83   78   73
   70   70   74   78   82   87   91   94   95   97   99  101  102  103  102  100
   98   93   90   87   84   81   80   80   81   82   84   85   84   83   80   77
   75   72   70   69   70   72   78   85   93
    45.0-180.0 180.0   5.0 450.0                            LAT/LON1/LON2/DLON/H
  100  109  116  123  131  137  144  151  155  158  157  155  152  147  143  142
  141  141  140  139  136  131  127  122  116  111  104   98   93   88   83   77
   75   76   79   83   88   92   97  100  101  102  104  105  106  105  104  103
  102   99   95   92   90   86   85   85   85   86   88   89   89   88   85   82
   78   75   73   71   72   75   81   90  100
    42.5-180.0 180.0   5.0 450.0                            LAT/LON1/LON2/DLON/H
  105  115  123  130  136  141  147  153  158  161  162  160  158  153  149  146
  145  145  144  144  143  140  136  132  126  119  111  103   96   91   84   79
   78   80   83   87   92   97  100  103  105  106  105  105  105  105  104  103
  103  103  100   97   94   90   88   87   87   87   89   91   91   89   87   84
   81   78   75   74   75   79   86   95  105
    40.0-180.0 180.0   5.0 450.0                            LAT/LON1/LON2/DLON/H
  110  120  129  135  141  145  149  155  160  164  166  165  164  161  157  153
  150  148  148  149  148  147  145  141  135  126  117  108   98   91   84   81
   81   84   87   91   95   99  103  105  106  106  105  104  103  102  102  103
  104  105  103  100   96   91   88   86   85   86   88   89   90   89   87   85
   82   80   78   77   78   83   91  100  110
    37.5-180.0 180.0   5.0 450.0                            LAT/LON1/LON2/DLON/H
  115  125  133  140  144  148  152  156  161  166  170  170  170  169  165  161
  157  154  152  152  152  153  152  149  143  134  123  112  101   91   85   83
   84   87   91   94   98  101  104  106  107  105  103  101   99   98   98  100
  101  104  103  100   96   91   87   84   83   83   85   87   87   87   85   83
   82   80   79   79   82   87   96  106  115
    35.0-180.0 180.0   5.0 450.0                            LAT/LON1/LON2/DLON/H
  120  129  137  144  148  151  154  157  162  167  171  174  176  176  174  170
  164  159  157  156  156  157  156  154  148  140  128  116  105   94   88   87
   89   92   95   98  101  103  105  106  106  104  102   99   97   95   94   95
   97  100  100   98   93   89   85   82   80   81   82   84   84   83   82   81
   80   79   79   81   85   92  101  110  120
    32.5-180.0 180.0   5.0 450.0                            LAT/LON1/LON2/DLON/H
  123  132  141  147  151  153  156  159  162  166  171  175  179  182  181  177
  172  165  161  159  158  158  158  157  152  146  134  122  110   99   94   94
   96  100  102  104  106  107  108  108  107  104  101   98   95   93   91   91
   92   94   95   93   90   87   83   81   79   80   81   81   81   80   79   78
   77   77   79   82   89   97  106  115  123
    30.0-180.0 180.0   5.0 450.0                            LAT/LON1/LON2/DLON/H
  128  136  144  151  155  157  159  160  163  165  170  174  180  185  186  185
  179  173  166  162  158  158  159  159  157  151  142  130  118  109  105  105
  108  111  112  113  112  112  113  113  111  107  102   99   95   92   89   88
   89   89   89   88   86   84   81   79   79   79   79   79   78   77   76   75
   75   76   78   83   92  101  112  121  128
    27.5-180.0 180.0   5.0 450.0                            LAT/LON1/LON2/DLON/H
  134  141  150  157  161  163  163  163  165  166  168  173  178  185  189  190
  187  181  172  164  160  158  160  163  162  158  151  141  131  123  120  121
  124  126  125  123  120  119  119  119  116  111  105  100   97   92   89   86
   86   84   83   82   81   80   79   79   79   79   79   78   77   76   74   73
   73   75   78   85   95  106  118  127  134
    25.0-180.0 180.0   5.0 450.0                            LAT/LON1/LON2/DLON/H
  143  150  160  168  171  173  173  171  170  169  169  171  177  184  190  193
  191  186  177  168  162  160  163  167  169  167  163  156  148  143  142  143
  145  144  138  133  129  127  126  124  122  115  108  102   97   92   88   85
   83   80   78   77   77   77   77   77   79   79   78   76   76   75   73   72
   71   74   79   86   98  111  124  135  143
    22.5-180.0 180.0   5.0 450.0                            LAT/LON1/LON2/DLON/H
  153  161  172  183  188  189  190  186  182  178  176  174  178  185  191  195
  193  189  181  172  165  165  168  174  178  180  178  174  170  168  169  170
  170  164  153  144  138  134  132  129  125  117  109  101   95   90   87   83
   80   76   74   73   74   75   76   77   78   78   77   76   75   74   72   71
   71   73   79   89  103  117  131  144  153
    20.0-180.0 180.0   5.0 450.0                            LAT/LON1/LON2/DLON/H
  163  174  186  201  210  215  214  213  206  198  191  186  186  191  195  198
  197  193  185  178  171  171  176  183  192  196  197  194  194  198  201  199
  196  186  168  154  145  140  136  131  125  116  107   98   92   88   85   81
   78   74   73   72   73   74   75   77   78   77   76   75   74   73   72   71
   71   74   80   92  107  122  138  152  163
    17.5-180.0 180.0   5.0 450.0                            LAT/LON1/LON2/DLON/H
  174  188  203  220  234  243  248  250  242  230  216  207  203  205  205  206
  203  199  193  186  180  179  184  194  206  212  215  216  218  225  230  226
  219  204  180  160  150  143  136  130  123  113  103   94   88   85   82   79
   76   74   73   73   74   75   77   77   77   77   76   74   73   72   73   73
   73   75   82   94  111  128  145  161  174
    15.0-180.0 180.0   5.0 450.0                            LAT/LON1/LON2/DLON/H
  185  200  219  240  256  270  282  291  286  270  252  239  230  229  224  221
  214  211  203  197  192  191  196  207  220  227  232  235  239  245  249  245
  236  214  184  163  152  144  136  127  119  110   99   90   84   81   78   76
   75   75   75   76   77   78   78   77   77   77   75   73   72   72   73   75
   75   77   83   97  115  134  152  169  185
    12.5-180.0 180.0   5.0 450.0                            LAT/LON1/LON2/DLON/H
  194  213  235  257  276  294  314  332  331  315  295  279  266  261  251  242
  233  227  220  213  208  206  210  222  234  242  247  252  256  261  263  257
  242  215  183  165  155  145  135  126  117  107   97   87   81   77   75   74
   74   77   78   80   80   80   79   77   76   76   74   71   70   71   72   76
   78   80   86  101  120  140  159  176  194
    10.0-180.0 180.0   5.0 450.0                            LAT/LON1/LON2/DLON/H
  202  223  246  269  290  312  337  360  365  354  339  319  305  297  286  271
  257  249  242  235  229  226  229  238  250  259  263  267  270  273  274  264
  241  210  182  166  157  148  136  125  116  107   97   89   82   77   75   75
   76   79   81   83   83   81   80   78   77   75   73   70   68   68   71   75
   79   82   90  105  125  145  164  182  202
     7.5-180.0 180.0   5.0 450.0                            LAT/LON1/LON2/DLON/H
  208  229  252  275  296  319  346  372  384  381  366  354  342  331  322  305
  287  277  268  263  257  253  252  259  268  276  278  280  281  283  282  268
  240  208  184  170  162  153  141  129  118  110  102   95   89   83   80   79
   80   82   84   85   84   82   81   79   78   77   74   71   68   67   69   76
   81   85   94  110  131  150  168  187  208
     5.0-180.0 180.0   5.0 450.0                            LAT/LON1/LON2/DLON/H
  213  234  256  277  297  318  342  368  383  388  381  373  368  361  354  338
  319  307  298  294  288  284  281  284  290  294  293  292  293  294  290  273
  243  212  192  179  169  160  148  135  125  118  112  107  102   97   93   89
   89   89   88   88   87   85   83   83   82   81   78   74   70   68   70   78
   83   88   98  115  136  155  172  191  213
     2.5-180.0 180.0   5.0 450.0                            LAT/LON1/LON2/DLON/H
  217  238  259  279  298  316  335  356  372  381  381  379  379  379  376  364
  347  336  327  324  319  316  312  312  313  314  309  306  305  305  300  281
  254  225  207  193  182  169  158  147  137  131  127  124  120  116  111  106
  103   99   95   93   91   89   88   88   87   86   83   79   75   72   74   82
   86   91  103  121  141  160  176  196  217
