test/data/sp3/igrg3380.10i
     1.0            IONOSPHERE MAPS     MIX                 IONEX VERSION / TYPE
tecrms2ionex_2.awk  GRL/UWM            12/05/10 2312UT      PGM / RUN BY / DATE
Global ionosphere maps for day 338, 2010 ( 4-12-2010)       DESCRIPTION
IONEX file containing the COMBINED IGS Ionosphere maps      DESCRIPTION
from the combination of the following IAACs:                DESCRIPTION
corg                                                        DESCRIPTION
esrg                                                        DESCRIPTION
jprg                                                        DESCRIPTION
uprg                                                        DESCRIPTION
Contact address: Andrzej Krankowski                         DESCRIPTION
                 Geodynamics Research Laboratory            DESCRIPTION
                 University of Warmia and Mazury (GRL/UWM)  DESCRIPTION
                 Oczapowski St. 1                           DESCRIPTION
                 10-957-Olsztyn, POLAND                     DESCRIPTION
                 e-mail:  kand@uwm.edu.pl                   DESCRIPTION
                                                            DESCRIPTION
  2010    12     4     0     0     0                        EPOCH OF FIRST MAP
  2010    12     5     0     0     0                        EPOCH OF LAST MAP
  7200                                                      INTERVAL
    13                                                      # OF MAPS IN FILE
  COSZ                                                      MAPPING FUNCTION
     0.0                                                    ELEVATION CUTOFF
Combined TEC calculated as weighted mean of input TEC valuesOBSERVABLES USED
   322                                                      # OF STATIONS
    32                                                      # OF SATELLITES
  6371.0                                                    BASE RADIUS
     2                                                      MAP DIMENSION
   450.0 450.0   0.0                                        HGT1 / HGT2 / DHGT
    87.5 -87.5  -2.5                                        LAT1 / LAT2 / DLAT
  -180.0 180.0   5.0                                        LON1 / LON2 / DLON
    -1                                                      EXPONENT
TEC values in  0.1 TECUs; 9999 if no value available        COMMENT
DCB values in nanoseconds, reference is Sum_of_SatDCBs = 0  COMMENT
                                                            END OF HEADER
[from data line 1287]
     4                                                      START OF TEC MAP
  2010    12     4     6     0     0                        EPOCH OF CURRENT MAP
    87.5-180.0 180.0   5.0 450.0                            LAT/LON1/LON2/DLON/H
   39   39   39   39   40   40   40   40   41   42   42   42   42   42   43   43
   43   43   44   44   44   44   44   45   45   45   45   46   46   46   46   46
   46   46   45   46   45   45   44   44   44   43   43   42   42   41   41   40
   40   39   39   38   38   38   37   37   37   37   37   37   37   37   37   37
   37   37   37   37   38   38   38   38   39
    85.0-180.0 180.0   5.0 450.0                            LAT/LON1/LON2/DLON/H
   37   37   38   39   39   40   40   40   41   41   41   42   42   41   41   42
   42   42   43   44   44   45   46   46   47   47   48   49   49   49   49   49
   49   49   49   49   48   47   47   46   45   44   43   43   41   41   40   38
   38   36   35   34   33   33   33   32   32   33   32   32   33   32   33   33
   33   33   33   34   34   35   35   36   37
    82.5-180.0 180.0   5.0 450.0                            LAT/LON1/LON2/DLON/H
   35   36   36   37   38   39   39   40   40   41   40   41   41   41   41   41
   40   40   40   39   41   42   44   45   46   47   48   49   50   50   51   52
   52   52   52   51   50   50   48   47   45   44   42   41   40   39   38   37
   36   34   34   32   32   31   31   32   31   31   31   31   31   31   31   31
   31   31   31   32   32   33   34   34   35
    80.0-180.0 180.0   5.0 450.0                            LAT/LON1/LON2/DLON/H
   34   35   36   37   38   39   40   40   41   41   40   40   39   39   38   38
   38   38   38   38   38   38   40   42   44   45   47   48   50   52   53   54
   54   55   55   54   52   50   49   47   45   42   40   38   37   37   36   35
   35   35   35   34   34   35   35   35   36   36   35   35   35   34   34   33
   33   32   32   32   34   34   34   34   34
    77.5-180.0 180.0   5.0 450.0                            LAT/LON1/LON2/DLON/H
   33   34   35   37   38   39   40   41   41   40   40   39   38   38   37   36
   35   35   35   35   36   36   37   40   41   44   45   47   49   51   53   54
   55   55   55   54   52   50   47   44   41   39   38   36   35   35   35   35
   36   38   39   40   41   43   44   45   46   46   46   45   44   42   41   40
   39   37   37   37   37   35   34   33   33
    75.0-180.0 180.0   5.0 450.0                            LAT/LON1/LON2/DLON/H
   34   35   35   37   39   40   42   42   42   41   40   40   38   37   36   35
   34   34   34   34   35   35   37   38   40   42   44   48   50   51   52   54
   55   54   53   52   50   48   44   41   38   36   35   35   35   35   36   38
   40   44   47   50   52   56   57   59   60   60   60   59   58   57   54   52
   49   46   44   41   38   36   34   33   34
    72.5-180.0 180.0   5.0 450.0                            LAT/LON1/LON2/DLON/H
   36   36   37   38   40   42   43   43   43   43   42   41   39   38   36   35
   34   34   34   35   36   36   38   39   41   42   45   47   49   51   52   53
   52   52   50   48   46   43   40   37   34   33   33   34   35   37   40   44
   48   52   59   62   65   69   72   74   76   76   75   74   73   72   69   65
   61   57   53   47   42   38   36   36   36
    70.0-180.0 180.0   5.0 450.0                            LAT/LON1/LON2/DLON/H
   39   39   40   40   42   43   44   45   45   46   46   44   42   39   38   37
   36   36   37   38   39   40   40   42   42   43   45   47   48   49   50   50
   49   48   47   44   41   39   36   33   31   31   31   33   36   41   46   52
   58   64   71   76   79   84   86   88   89   89   88   87   85   83   80   76
   71   67   62   54   45   42   40   40   39
    67.5-180.0 180.0   5.0 450.0                            LAT/LON1/LON2/DLON/H
   44   43   42   43   43   45   46   47   48   50   49   46   43   41   40   39
   39   40   41   42   43   44   44   45   44   45   45   46   47   47   47   46
   45   43   42   40   38   35   33   31   30   30   32   35   40   46   54   60
   68   74   82   88   92   95   97   99   99   99   97   95   92   90   88   83
   79   75   68   61   53   50   47   45   44
    65.0-180.0 180.0   5.0 450.0                            LAT/LON1/LON2/DLON/H
   48   47   46   46   47   48   49   50   50   51   50   48   46   45   42   42
   43   44   45   47   46   48   47   46   46   45   45   44   44   43   43   42
   41   38   37   37   36   34   32   31   31   33   35   40   46   54   62   69
   77   84   91   96  100  103  104  105  105  104  102   98   95   93   91   87
   84   80   75   68   62   58   54   50   48
    62.5-180.0 180.0   5.0 450.0                            LAT/LON1/LON2/DLON/H
   52   49   49   49   49   50   51   52   52   51   50   49   48   47   46   46
   46   47   48   49   49   50   48   46   45   45   43   42   41   41   40   40
   39   37   35   36   35   34   34   34   35   37   42   47   55   63   71   78
   85   91   98  102  105  107  109  109  108  107  104  100   96   94   91   89
   86   83   79   73   68   65   60   56   52
    60.0-180.0 180.0   5.0 450.0                            LAT/LON1/LON2/DLON/H
   56   52   52   52   52   52   53   53   53   52   51   50   49   48   47   47
   47   48   49   50   50   49   48   45   43   42   41   40   40   40   39   40
   40   38   37   37   38   37   37   39   41   45   51   58   66   73   81   87
   92   98  103  106  109  112  112  113  112  110  106  103   98   96   92   90
   87   85   80   75   71   68   66   61   56
    57.5-180.0 180.0   5.0 450.0                            LAT/LON1/LON2/DLON/H
   59   56   54   54   54   54   54   54   55   54   52   50   48   48   47   46
   46   48   48   49   48   47   45   43   41   41   41   41   42   42   41   41
   41   40   40   41   41   43   44   47   50   56   62   70   77   85   90   96
  100  104  108  112  114  117  118  118  117  115  111  107  103   99   95   92
   89   85   80   75   71   69   69   66   59
    55.0-180.0 180.0   5.0 450.0                            LAT/LON1/LON2/DLON/H
   61   58   56   56   56   56   56   56   56   55   53   51   49   48   47   46
   46   47   47   47   46   44   43   43   43   43   45   46   47   48   46   46
   44   44   45   46   48   50   53   57   61   67   74   81   89   95   99  104
  107  111  115  118  122  124  125  125  125  123  121  117  111  107  101   97
   92   86   81   75   70   68   68   65   61
    52.5-180.0 180.0   5.0 450.0                            LAT/LON1/LON2/DLON/H
   62   60   58   57   57   58   58   58   57   56   55   53   51   49   48   47
   46   46   46   45   45   44   44   46   47   50   52   53   54   55   54   53
   51   51   52   53   55   58   63   68   72   79   86   93   99  104  108  111
  114  117  120  124  129  131  133  134  134  133  132  128  123  118  112  106
  100   92   85   79   73   69   67   65   62
    50.0-180.0 180.0   5.0 450.0                            LAT/LON1/LON2/DLON/H
   64   62   60   60   59   60   60   60   60   59   58   57   54   52   50   49
   48   47   47   46   46   46   47   51   55   59   62   64   64   63   63   61
   58   58   59   61   63   67   72   77   82   89   96  103  108  113  115  118
  120  123  126  130  135  138  140  141  142  143  142  140  136  130  124  117
  110  101   93   85   79   74   70   67   64
    47.5-180.0 180.0   5.0 450.0                            LAT/LON1/LON2/DLON/H
   68   65   63   62   62   63   64   64   65   64   63   61   59   57   54   53
   51   51   50   50   50   52   54   58   64   69   73   75   75   73   70   67
   65   64   65   67   70   74   78   84   90   98  105  112  116  119  122  124
  126  128  131  135  139  143  145  147  148  150  150  149  145  141  135  127
  119  111  102   92   86   80   75   71   68
    45.0-180.0 180.0   5.0 450.0                            LAT/LON1/LON2/DLON/H
   72   68   66   65   66   67   69   70   70   70   69   67   65   63   61   59
   57   56   56   57   58   60   63   68   75   80   84   86   85   79   74   71
   69   69   70   72   74   78   83   89   97  105  112  117  122  125  127  130
  131  133  136  139  142  145  147  148  150  151  152  152  150  146  142  135
  127  118  109  100   92   86   81   76   72
    42.5-180.0 180.0   5.0 450.0                            LAT/LON1/LON2/DLON/H
   76   72   69   69   70   72   74   76   77   77   76   75   72   70   68   66
   64   63   64   66   69   71   74   79   84   90   93   93   91   84   78   74
   73   73   74   75   78   82   87   94  103  111  117  123  127  131  132  134
  135  136  139  141  143  145  145  146  146  148  149  150  149  147  143  139
  132  123  114  105   98   91   87   81   76
    40.0-180.0 180.0   5.0 450.0                            LAT/LON1/LON2/DLON/H
   80   76   72   71   71   75   78   81   83   84   84   83   81   79   76   74
   73   72   73   76   79   82   84   88   92   96   98   97   92   87   81   78
   77   78   79   79   81   85   90   98  108  117  124  127  131  134  136  138
  138  140  141  142  143  144  143  143  142  143  144  144  144  144  142  140
  135  126  116  109  102   96   90   84   80
    37.5-180.0 180.0   5.0 450.0                            LAT/LON1/LON2/DLON/H
   82   78   75   73   73   76   80   85   88   91   92   92   90   88   86   83
   82   82   83   86   88   91   93   96   99  100  100   97   92   87   84   81
   81   83   84   83   84   88   94  103  114  122  128  132  136  138  141  142
  143  144  144  145  147  147  146  144  143  143  143  142  143  143  143  142
  138  129  119  111  104   98   92   87   82
    35.0-180.0 180.0   5.0 450.0                            LAT/LON1/LON2/DLON/H
   84   80   77   74   74   75   80   85   90   95   98   99   99   97   95   93
   91   91   91   94   96   97   98  100  102  101   98   94   90   87   85   84
   84   86   86   85   87   91   98  108  119  128  133  137  140  144  147  148
  150  150  151  154  156  158  157  157  155  155  153  151  149  149  149  148
  144  136  125  114  106  100   94   89   84
    32.5-180.0 180.0   5.0 450.0                            LAT/LON1/LON2/DLON/H
   84   81   78   76   74   75   78   83   89   95  100  103  104  104  103  101
   99   97   97   99  100  100  101  100  100   99   95   91   88   88   87   86
   86   87   87   87   88   92  101  112  124  133  139  142  146  150  154  156
  159  162  166  172  177  181  183  186  186  183  180  176  171  168  166  163
  158  148  135  122  110  101   96   90   84
    30.0-180.0 180.0   5.0 450.0                            LAT/LON1/LON2/DLON/H
   86   82   79   77   75   74   77   79   85   92   98  104  107  108  108  106
  104  102  101  101  102  101  101  100   99   96   91   88   88   88   88   87
   87   88   88   88   89   94  104  117  129  140  145  149  153  158  162  166
  174  183  191  202  212  218  224  232  233  227  223  217  208  201  195  189
  181  166  151  134  119  107  100   93   86
    27.5-180.0 180.0   5.0 450.0                            LAT/LON1/LON2/DLON/H
   89   84   82   79   76   74   76   77   80   86   93   99  104  107  109  108
  106  104  102  101  102  101  102  101   98   94   90   88   88   89   89   88
   88   88   87   87   88   95  107  122  135  146  153  157  162  168  176  185
  197  210  224  241  256  265  276  285  287  282  278  270  258  246  235  226
  211  194  176  153  135  119  108   98   89
    25.0-180.0 180.0   5.0 450.0                            LAT/LON1/LON2/DLON/H
   98   92   87   84   80   77   76   75   76   81   87   93   98  103  106  106
  105  103  101  101  101  102  102  101   98   95   91   89   89   89   90   88
   86   85   84   84   87   95  110  126  141  153  161  167  174  183  194  208
  224  242  260  282  302  315  329  339  342  339  335  327  314  299  282  270
  251  230  205  178  154  134  120  109   98
    22.5-180.0 180.0   5.0 450.0                            LAT/LON1/LON2/DLON/H
  109  102   95   91   87   83   78   75   74   76   81   86   91   95   98  100
  100   99   98  100  100  101  102  102  100   97   94   92   90   88   89   85
   82   80   78   79   84   94  111  130  146  160  171  180  189  200  216  234
  252  273  295  318  342  359  375  383  387  384  380  374  363  349  329  314
  293  269  236  204  177  153  136  121  109
    20.0-180.0 180.0   5.0 450.0                            LAT/LON1/LON2/DLON/H
  122  113  106  100   95   91   85   81   77   77   79   81   84   87   90   93
   94   95   95   97   99  100  102  103  103  101   98   95   92   87   85   81
   77   74   73   75   80   93  112  134  154  169  183  194  205  220  238  259
  279  300  322  346  368  386  400  405  408  405  401  397  392  380  363  347
  328  303  267  233  199  173  155  136  122
    17.5-180.0 180.0   5.0 450.0                            LAT/LON1/LON2/DLON/H
  137  126  118  111  105  101   96   91   86   83   81   81   81   82   85   87
   89   90   92   95   97   99  101  103  104  104  102   97   91   85   80   76
   71   69   69   72   80   94  116  138  160  178  195  209  223  239  257  276
  300  322  342  361  378  392  402  402  401  400  398  399  397  389  375  361
  346  322  290  256  223  197  173  154  137
    15.0-180.0 180.0   5.0 450.0                            LAT/LON1/LON2/DLON/H
  155  140  130  123  119  114  109  104   99   94   90   85   82   81   81   83
   85   86   88   92   95   98  100  102  103  104  102   97   89   81   76   71
   68   67   68   72   82   99  120  143  167  187  206  222  236  253  271  290
  314  334  350  362  373  383  387  384  380  379  381  384  385  382  373  362
  348  327  301  271  242  218  195  172  155
    12.5-180.0 180.0   5.0 450.0                            LAT/LON1/LON2/DLON/H
  175  158  144  135  131  128  122  117  112  107  101   95   88   83   81   82
   82   83   86   89   93   96   98   99  101  103  100   94   85   78   73   70
   69   69   71   77   88  104  125  149  173  196  215  232  248  263  281  299
  320  336  347  353  359  365  367  361  356  356  359  364  368  366  363  355
  344  327  304  279  255  234  215  193  175
    10.0-180.0 180.0   5.0 450.0                            LAT/LON1/LON2/DLON/H
  195  175  158  147  141  138  134  129  124  119  113  106   98   91   85   84
   83   82   84   87   91   94   95   97  100  102   98   91   83   76   74   72
   72   73   76   82   93  110  131  153  178  202  222  240  255  270  285  302
  317  329  337  339  341  346  346  342  337  337  341  347  351  353  353  347
  340  325  306  284  264  247  231  213  195
     7.5-180.0 180.0   5.0 450.0                            LAT/LON1/LON2/DLON/H
  212  191  171  156  148  144  140  136  133  129  124  118  110  102   95   90
   87   85   85   88   91   94   95   96  100  103   98   89   81   77   77   77
   78   79   82   88  100  115  135  158  181  205  227  245  259  273  285  298
  310  318  323  324  327  332  334  332  330  331  335  340  344  347  346  343
  337  327  311  291  272  258  245  229  212
     5.0-180.0 180.0   5.0 450.0                            LAT/LON1/LON2/DLON/H
  224  203  180  162  150  144  140  137  135  133  130  126  121  114  107   99
   93   91   90   92   93   95   96   97  101  102   97   88   81   80   81   83
   84   85   88   93  104  120  140  161  183  207  229  248  260  272  282  293
  301  307  311  315  320  327  332  335  336  339  343  345  347  347  346  345
  342  334  320  300  281  267  254  241  224
     2.5-180.0 180.0   5.0 450.0                            LAT/LON1/LON2/DLON/H
  232  210  186  166  150  142  136  132  130  129  130  130  128  124  116  109
  101   98   97   98   98   99   98   99  101  100   95   88   83   83   85   87
   89   89   91   97  108  124  143  163  185  208  229  247  258  268  278  286
  293  299  306  313  323  333  343  352  356  360  364  363  360  356  354  353
  352  347  332  313  292  276  262  248  232
