test/data/sp3/igrg3380.10i
     1.0            IONOSPHERE MAPS     MIX                 IONEX VERSION / TYPE
tecrms2ionex_2.awk  GRL/UWM            12/05/10 2312UT      PGM / RUN BY / DATE
Global ionosphere maps for day 338, 2010 ( 4-12-2010)       DESCRIPTION
IONEX file containing the COMBINED IGS Ionosphere maps      DESCRIPTION
from the combination of the following IAACs:                DESCRIPTION
corg                                                        DESCRIPTION
esrg                                                        DESCRIPTION
jprg                                                        DESCRIPTION
uprg                                                        DESCRIPTION
Contact address: Andrzej Krankowski                         DESCRIPTION
                 Geodynamics Research Laboratory            DESCRIPTION
                 University of Warmia and Mazury (GRL/UWM)  DESCRIPTION
                 Oczapowski St. 1                           DESCRIPTION
                 10-957-Olsztyn, POLAND                     DESCRIPTION
                 e-mail:  kand@uwm.edu.pl                   DESCRIPTION
                                                            DESCRIPTION
  2010    12     4     0     0     0                        EPOCH OF FIRST MAP
  2010    12     5     0     0     0                        EPOCH OF LAST MAP
  7200                                                      INTERVAL
    13                                                      # OF MAPS IN FILE
  COSZ                                                      MAPPING FUNCTION
     0.0                                                    ELEVATION CUTOFF
Combined TEC calculated as weighted mean of input TEC valuesOBSERVABLES USED
   322                                                      # OF STATIONS
    32                                                      # OF SATELLITES
  6371.0                                                    BASE RADIUS
     2                                                      MAP DIMENSION
   450.0 450.0   0.0                                        HGT1 / HGT2 / DHGT
    87.5 -87.5  -2.5                                        LAT1 / LAT2 / DLAT
  -180.0 180.0   5.0                                        LON1 / LON2 / DLON
    -1                                                      EXPONENT
TEC values in  0.1 TECUs; 9999 if no value available        COMMENT
DCB values in nanoseconds, reference is Sum_of_SatDCBs = 0  COMMENT
                                                            END OF HEADER
     1                                                      START OF TEC MAP
  2010    12     4     0     0     0                        EPOCH OF CURRENT MAP
    87.5-180.0 180.0   5.0 450.0                            LAT/LON1/LON2/DLON/H
   42   42   42   42   42   42   41   41   41   41   40   40   40   39   39   39
   38   38   38   38   38   38   38   38   38   38   38   38   38   38   38   38
   39   39   39   40   40   40   40   41   41   42   42   42   43   43   43   43
   43   43   43   43   43   43   43   43   43   43   43   43   43   43   43   43
   43   43   43   43   43   43   43   43   42
    85.0-180.0 180.0   5.0 450.0                            LAT/LON1/LON2/DLON/H
   45   44   44   44   43   43   42   42   41   40   40   39   39   38   38   37
   36   35   35   34   34   33   33   33   32   32   33   33   33   33   34   35
   35   36   37   38   38   39   39   40   40   41   41   41   41   42   42   43
   43   44   44   44   45   45   44   44   44   44   44   44   44   44   44   44
   44   45   44   45   45   45   45   45   45
    82.5-180.0 180.0   5.0 450.0                            LAT/LON1/LON2/DLON/H
   46   46   45   46   45   46   46   47   45   47   44   43   41   40   38   36
   35   33   32   31   31   30   29   28   28   28   28   28   29   30   30   32
   33   34   35   36   37   38   39   39   40   40   40   40   40   40   41   41
   42   42   43   43   43   44   43   43   43   43   44   44   44   44   44   44
   45   45   45   45   46   46   46   46   46
    80.0-180.0 180.0   5.0 450.0                            LAT/LON1/LON2/DLON/H
   48   50   51   52   54   55   55   55   52   49   47   43   41   40   38   36
   35   34   33   31   30   28   27   26   26   25   25   26   27   28   30   31
   32   34   35   36   36   37   38   38   38   39   39   39   39   38   39   39
   39   40   40   40   41   41   41   41   42   42   42   43   43   43   43   44
   44   45   45   46   46   47   47   48   48
    77.5-180.0 180.0   5.0 450.0                            LAT/LON1/LON2/DLON/H
   52   54   55   56   57   57   55   54   52   51   49   47   46   44   42   41
   39   37   34   33   31   28   26   25   24   24   24   25   26   28   29   31
   33   35   36   37   38   38   38   38   38   38   37   37   36   36   36   36
   36   36   36   37   37   37   38   38   39   40   40   41   41   42   42   43
   43   44   45   46   47   48   50   51   52
    75.0-180.0 180.0   5.0 450.0                            LAT/LON1/LON2/DLON/H
   58   59   61   62   62   62   60   59   58   56   54   52   51   49   48   46
   44   41   38   36   32   30   28   27   25   26   26   27   27   29   30   32
   34   35   36   38   38   39   38   38   37   36   35   33   33   32   31   30
   31   31   31   32   33   33   34   35   36   37   38   38   39   40   41   42
   43   45   46   48   50   52   55   56   58
    72.5-180.0 180.0   5.0 450.0                            LAT/LON1/LON2/DLON/H
   68   69   70   70   70   69   67   66   63   61   59   57   56   54   52   50
   48   45   42   40   38   34   32   30   29   28   28   29   30   30   32   34
   35   36   37   37   37   37   37   36   35   33   31   30   29   28   27   26
   26   27   27   28   29   30   31   32   34   35   36   37   39   40   41   42
   44   47   49   52   55   59   63   65   68
    70.0-180.0 180.0   5.0 450.0                            LAT/LON1/LON2/DLON/H
   79   80   80   81   81   79   76   73   69   66   63   61   59   57   56   54
   51   48   46   43   41   37   35   33   33   32   32   32   31   32   33   34
   35   36   37   37   37   35   34   33   32   30   29   27   25   25   24   24
   24   26   27   27   27   28   30   32   34   36   38   40   42   43   44   45
   48   51   54   58   63   68   73   77   79
    67.5-180.0 180.0   5.0 450.0                            LAT/LON1/LON2/DLON/H
   91   93   93   92   92   89   84   81   76   72   68   65   61   59   58   56
   53   50   49   46   44   41   39   37   36   35   34   34   33   33   33   34
   34   34   35   35   35   33   32   31   29   27   27   26   24   24   24   24
   26   27   28   28   29   30   32   34   37   39   42   43   46   47   48   50
   53   57   62   67   73   79   83   88   91
    65.0-180.0 180.0   5.0 450.0                            LAT/LON1/LON2/DLON/H
  102  104  104  104  102   99   92   88   82   77   73   68   64   62   59   56
   53   50   48   46   45   45   42   39   38   37   36   36   34   33   33   33
   32   31   32   32   32   32   32   30   28   27   26   26   25   25   25   27
   29   30   30   31   32   33   35   37   39   42   45   47   49   51   53   55
   59   65   70   76   82   88   94   99  102
    62.5-180.0 180.0   5.0 450.0                            LAT/LON1/LON2/DLON/H
  111  112  112  112  111  107   99   94   88   83   78   73   68   63   59   54
   51   48   45   43   42   47   43   39   39   38   38   36   35   34   32   32
   31   30   30   30   31   32   33   31   30   29   28   29   28   28   31   32
   34   34   35   35   36   37   39   41   44   46   48   50   52   55   58   62
   67   73   79   86   91   97  104  109  111
    60.0-180.0 180.0   5.0 450.0                            LAT/LON1/LON2/DLON/H
  118  118  117  118  117  112  105   99   93   88   82   77   71   65   59   54
   50   45   42   40   39   43   40   38   38   38   38   37   37   35   33   32
   31   30   31   31   33   34   36   36   36   35   35   35   36   36   39   40
   41   42   42   43   44   44   45   46   49   52   53   55   59   64   66   71
   76   82   89   95  100  106  112  116  118
    57.5-180.0 180.0   5.0 450.0                            LAT/LON1/LON2/DLON/H
  121  121  120  121  119  115  108  103   97   92   86   80   74   67   61   55
   48   44   41   38   37   38   38   37   38   40   40   40   39   38   36   35
   34   33   33   35   37   39   42   43   44   45   45   45   46   48   50   50
   50   51   52   52   52   53   54   53   55   57   58   61   68   73   75   79
   86   93  100  105  109  113  118  121  121
    55.0-180.0 180.0   5.0 450.0                            LAT/LON1/LON2/DLON/H
  124  124  123  122  120  117  112  106  100   95   89   83   77   71   63   56
   49   44   40   38   37   36   37   38   39   42   43   44   44   43   42   40
   38   38   39   42   45   48   51   53   55   55   56   57   58   59   60   60
   59   59   60   60   60   62   62   60   59   60   61   65   72   77   80   86
   93  101  109  114  118  120  123  125  124
    52.5-180.0 180.0   5.0 450.0                            LAT/LON1/LON2/DLON/H
  128  126  125  125  123  120  115  109  104   98   93   87   80   73   66   58
   51   46   42   39   38   39   39   41   43   46   49   51   50   50   48   46
   44   46   48   51   54   57   61   63   65   66   67   68   68   70   69   68
   66   65   66   66   66   66   66   66   62   63   65   69   74   79   83   90
   98  107  116  122  126  128  129  129  128
    50.0-180.0 180.0   5.0 450.0                            LAT/LON1/LON2/DLON/H
  132  131  130  129  127  124  119  113  108  102   97   91   84   77   69   61
   54   49   45   44   42   42   43   46   49   53   56   58   58   57   56   55
   56   56   58   60   64   66   69   72   74   75   76   76   77   78   78   75
   73   71   70   70   69   68   68   69   65   66   69   74   78   82   87   94
  103  112  121  128  133  134  135  134  132
    47.5-180.0 180.0   5.0 450.0                            LAT/LON1/LON2/DLON/H
  139  137  136  134  132  130  124  118  111  106  101   95   89   82   74   66
   59   54   51   49   48   49   51   53   58   62   65   67   67   66   63   63
   65   67   68   68   71   73   76   78   80   81   82   83   84   86   85   84
   80   76   73   72   71   69   69   69   68   69   74   79   83   87   91   98
  107  117  126  133  138  139  141  141  139
    45.0-180.0 180.0   5.0 450.0                            LAT/LON1/LON2/DLON/H
  146  144  143  140  138  136  130  123  116  109  105  100   93   87   80   73
   66   61   57   56   56   57   59   63   68   73   75   76   75   73   71   71
   74   75   75   74   76   78   81   82   84   85   86   87   89   91   92   89
   85   80   76   75   74   73   71   70   70   74   79   85   90   93   97  103
  112  122  131  138  142  144  146  147  146
    42.5-180.0 180.0   5.0 450.0                            LAT/LON1/LON2/DLON/H
  152  151  148  146  144  141  136  129  120  114  110  105  100   92   86   79
   73   67   64   62   63   65   68   73   79   84   85   85   82   79   77   77
   79   79   79   79   80   81   82   84   85   86   86   88   91   94   96   93
   88   82   78   77   77   76   73   72   74   79   86   92   96  100  104  110
  118  127  136  141  145  147  150  152  152
    40.0-180.0 180.0   5.0 450.0                            LAT/LON1/LON2/DLON/H
  157  155  152  149  147  145  142  135  127  119  115  110  106  100   94   88
   81   74   70   68   69   72   77   83   90   94   92   89   85   83   81   80
   81   83   83   82   82   82   84   85   86   85   86   88   91   95   97   95
   89   83   79   78   78   76   73   73   76   83   91   98  103  107  110  116
  124  132  140  144  147  148  153  157  157
    37.5-180.0 180.0   5.0 450.0                            LAT/LON1/LON2/DLON/H
  160  157  152  148  146  145  144  140  132  125  120  117  113  108  102   95
   88   81   75   73   74   79   84   91   98  101   98   93   88   85   84   83
   84   86   86   86   85   84   84   85   85   84   85   87   91   95   98   96
   89   83   79   77   76   74   72   73   78   86   96  104  109  113  117  123
  131  139  145  148  149  151  156  160  160
    35.0-180.0 180.0   5.0 450.0                            LAT/LON1/LON2/DLON/H
  163  158  152  146  143  144  144  142  136  129  124  123  120  117  111  104
   97   88   81   78   79   84   90   97  103  106  102   95   89   85   84   85
   88   90   92   90   89   87   86   86   85   84   85   87   91   95   97   95
   88   82   78   75   73   71   71   73   79   89  100  109  115  119  123  130
  138  147  153  155  156  157  160  164  163
    32.5-180.0 180.0   5.0 450.0                            LAT/LON1/LON2/DLON/H
  170  162  153  144  139  139  141  142  138  133  128  128  128  124  118  112
  104   95   86   82   83   88   95  101  105  107  102   96   91   89   89   91
   94   96   98   96   94   91   89   88   87   85   85   87   92   95   95   92
   86   80   75   72   70   69   71   74   82   93  105  115  121  125  131  139
  148  157  164  165  165  167  170  172  170
    30.0-180.0 180.0   5.0 450.0                            LAT/LON1/LON2/DLON/H
  183  172  159  146  138  135  137  140  139  136  132  131  132  130  125  119
  110  100   90   85   85   90   96   99  102  105  101   97   95   96   97   99
  102  104  105  104  101   97   94   92   90   87   87   88   92   93   92   88
   83   77   72   69   68   69   71   77   86   97  109  120  128  134  140  150
  161  171  178  180  182  184  186  188  183
    27.5-180.0 180.0   5.0 450.0                            LAT/LON1/LON2/DLON/H
  206  191  174  157  145  139  137  138  139  138  135  134  134  133  129  123
  114  104   93   88   88   91   94   97   99  101  100  100  102  106  109  112
  112  113  114  113  110  104   99   96   93   91   89   89   91   92   90   86
   80   74   69   67   67   68   73   80   90  102  114  126  136  142  150  162
  174  186  195  201  206  209  212  213  206
    25.0-180.0 180.0   5.0 450.0                            LAT/LON1/LON2/DLON/H
  241  227  206  187  168  155  146  143  141  141  138  137  135  133  130  123
  115  105   96   91   90   92   94   97   98  101  102  106  111  118  124  124
  122  121  121  123  120  113  105  100   97   93   91   90   91   90   88   83
   77   72   68   65   65   68   73   82   93  106  119  132  144  153  162  176
  190  203  215  226  236  243  247  249  241
    22.5-180.0 180.0   5.0 450.0                            LAT/LON1/LON2/DLON/H
  286  275  260  236  209  186  167  156  150  148  145  140  136  132  128  122
  114  105   99   94   92   93   95   98  101  105  109  115  123  132  138  135
  130  127  128  132  129  120  110  103   98   94   91   90   90   89   86   81
   76   71   67   65   64   67   73   83   96  109  122  137  151  163  174  189
  204  220  235  252  268  280  289  292  286
    20.0-180.0 180.0   5.0 450.0                            LAT/LON1/LON2/DLON/H
  333  328  320  298  267  234  202  181  167  161  155  146  138  130  125  120
  114  106  100   96   93   94   97  103  108  114  119  125  136  147  150  146
  138  131  133  135  132  123  113  104   98   94   91   89   88   86   83   80
   75   70   67   65   64   66   74   87  100  112  126  140  156  170  184  200
  217  236  255  278  299  318  328  333  333
    17.5-180.0 180.0   5.0 450.0                            LAT/LON1/LON2/DLON/H
  372  374  372  361  332  294  255  220  196  182  170  157  143  132  124  119
  115  109  102   98   95   97  102  111  119  125  130  133  146  156  155  150
  141  133  134  134  132  124  113  104   97   93   90   87   86   84   82   79
   74   71   67   64   64   67   76   90  105  117  130  147  164  180  194  211
  228  251  274  300  323  345  359  366  372
    15.0-180.0 180.0   5.0 450.0                            LAT/LON1/LON2/DLON/H
  391  400  409  408  390  350  304  265  233  211  192  173  154  138  128  123
  118  114  107  102   99  102  110  121  132  138  142  141  148  155  154  148
  137  129  128  129  129  121  112  103   96   92   88   86   84   83   81   79
   75   70   66   64   64   68   78   93  109  122  137  154  173  191  205  221
  240  264  290  314  336  357  373  382  391
    12.5-180.0 180.0   5.0 450.0                            LAT/LON1/LON2/DLON/H
  390  403  421  434  426  396  353  307  275  247  221  196  170  150  136  129
  124  120  113  108  105  108  117  132  145  151  151  149  148  151  148  140
  129  122  122  123  123  119  111  103   96   92   88   85   83   81   80   78
   73   69   66   63   63   67   78   96  113  129  144  161  181  199  214  230
  251  276  300  321  339  357  371  381  390
    10.0-180.0 180.0   5.0 450.0                            LAT/LON1/LON2/DLON/H
  372  385  408  428  434  419  386  345  311  280  251  222  192  166  148  137
  132  126  122  116  115  117  127  144  159  165  161  155  151  147  142  132
  123  118  117  118  119  117  111  104   97   92   89   85   82   80   79   76
   72   68   64   62   61   66   78   97  118  134  149  166  187  206  221  238
  260  283  306  323  337  349  358  365  372
     7.5-180.0 180.0   5.0 450.0                            LAT/LON1/LON2/DLON/H
  344  355  379  405  420  418  399  371  340  309  279  250  216  186  163  151
  143  137  133  129  130  132  144  160  174  181  173  161  153  145  138  129
  121  117  116  116  118  116  113  106   99   95   90   86   82   81   79   76
   72   67   64   61   61   66   79   99  121  140  156  172  191  210  227  245
  266  289  308  322  333  340  343  342  344
     5.0-180.0 180.0   5.0 450.0                            LAT/LON1/LON2/DLON/H
  318  326  348  374  396  403  397  381  358  332  305  275  242  211  185  171
  159  154  150  149  150  154  166  178  192  197  180  165  157  147  139  131
  124  120  119  118  119  119  115  109  102   96   91   86   83   81   79   76
   72   68   65   63   62   67   81  103  126  145  161  178  195  213  230  249
  270  291  310  322  331  334  331  324  318
     2.5-180.0 180.0   5.0 450.0                            LAT/LON1/LON2/DLON/H
  304  307  324  349  372  387  392  385  369  347  323  297  264  237  210  195
  182  175  170  171  174  179  187  196  206  205  184  171  163  155  148  139
  134  129  125  122  122  121  117  111  104   98   93   89   85   82   80   78
   74   71   68   66   66   70   83  106  129  148  164  180  196  212  230  250
  272  293  311  324  333  336  329  316  304
