test/data/sp3/igrg3390.10i
     1.0            IONOSPHERE MAPS     MIX                 IONEX VERSION / TYPE
tecrms2ionex_2.awk  GRL/UWM            12/06/10 2312UT      PGM / RUN BY / DATE
Global ionosphere maps for day 339, 2010 ( 5-12-2010)       DESCRIPTION
IONEX file containing the COMBINED IGS Ionosphere maps      DESCRIPTION
from the combination of the following IAACs:                DESCRIPTION
corg                                                        DESCRIPTION
esrg                                                        DESCRIPTION
jprg                                                        DESCRIPTION
uprg                                                        DESCRIPTION
Contact address: Andrzej Krankowski                         DESCRIPTION
                 Geodynamics Research Laboratory            DESCRIPTION
                 University of Warmia and Mazury (GRL/UWM)  DESCRIPTION
                 Oczapowski St. 1                           DESCRIPTION
                 10-957-Olsztyn, POLAND                     DESCRIPTION
                 e-mail:  kand@uwm.edu.pl                   DESCRIPTION
                                                            DESCRIPTION
  2010    12     5     0     0     0                        EPOCH OF FIRST MAP
  2010    12     6     0     0     0                        EPOCH OF LAST MAP
  7200                                                      INTERVAL
    13                                                      # OF MAPS IN FILE
  COSZ                                                      MAPPING FUNCTION
     0.0                                                    ELEVATION CUTOFF
Combined TEC calculated as weighted mean of input TEC valuesOBSERVABLES USED
   321                                                      # OF STATIONS
    32                                                      # OF SATELLITES
  6371.0                                                    BASE RADIUS
     2                                                      MAP DIMENSION
   450.0 450.0   0.0                                        HGT1 / HGT2 / DHGT
    87.5 -87.5  -2.5                                        LAT1 / LAT2 / DLAT
  -180.0 180.0   5.0                                        LON1 / LON2 / DLON
    -1                                                      EXPONENT
TEC values in  0.1 TECUs; 9999 if no value available        COMMENT
DCB values in nanoseconds, reference is Sum_of_SatDCBs = 0  COMMENT
                                                            END OF HEADER
[from data line 1716]
     5                                                      START OF TEC MAP
  2010    12     5     8     0     0                        EPOCH OF CURRENT MAP
    87.5-180.0 180.0   5.0 450.0                            LAT/LON1/LON2/DLON/H
   33   33   34   34   34   34   35   35   35   36   36   36   36   36   37   37
   36   37   37   37   38   38   39   39   39   39   38   38   38   38   37   37
   37   37   36   36   36   36   35   35   35   35   34   34   34   34   33   33
   33   33   33   33   32   32   32   32   32   31   32   31   31   31   31   31
   31   31   32   32   32   32   33   33   33
    85.0-180.0 180.0   5.0 450.0                            LAT/LON1/LON2/DLON/H
   31   32   32   33   33   34   34   35   35   36   36   36   37   37   37   37
   38   37   38   38   39   39   42   41   40   39   39   38   38   38   38   37
   37   37   36   36   36   35   34   34   34   33   32   32   32   31   30   31
   31   30   30   30   30   30   29   29   29   28   28   27   27   27   27   27
   28   28   28   29   29   29   30   31   31
    82.5-180.0 180.0   5.0 450.0                            LAT/LON1/LON2/DLON/H
   29   30   30   31   32   32   33   34   34   35   35   36   36   36   37   37
   37   37   37   37   37   38   43   40   38   37   39   39   39   39   38   38
   37   37   36   36   35   35   34   33   32   32   31   30   30   29   29   29
   28   29   28   28   28   28   28   27   27   27   26   26   25   25   25   25
   26   26   26   26   26   27   27   28   29
    80.0-180.0 180.0   5.0 450.0                            LAT/LON1/LON2/DLON/H
   26   27   28   29   30   31   32   32   33   33   33   34   34   35   35   35
   36   36   36   36   36   36   41   39   39   39   39   38   38   38   38   38
   38   37   36   36   35   35   34   33   32   31   31   30   30   30   30   30
   30   30   30   30   30   29   29   29   28   27   27   26   26   26   26   25
   25   25   24   24   24   24   25   25   26
    77.5-180.0 180.0   5.0 450.0                            LAT/LON1/LON2/DLON/H
   24   26   27   28   29   30   30   31   32   32   32   32   32   33   33   34
   34   34   34   35   36   37   38   38   39   39   39   39   38   39   38   38
   37   37   36   36   35   35   34   33   33   33   33   33   34   34   35   36
   37   37   37   37   36   36   35   35   34   33   32   31   30   29   28   27
   26   25   24   23   22   22   23   23   24
    75.0-180.0 180.0   5.0 450.0                            LAT/LON1/LON2/DLON/H
   24   26   27   28   29   30   31   31   31   31   31   31   31   31   31   31
   32   33   35   36   37   39   39   40   39   41   40   39   39   38   37   37
   37   36   36   35   35   34   35   35   36   36   37   38   40   42   44   46
   48   48   48   48   47   47   46   45   44   42   40   39   36   35   33   32
   31   29   27   26   24   23   23   23   24
    72.5-180.0 180.0   5.0 450.0                            LAT/LON1/LON2/DLON/H
   26   27   28   29   30   32   33   33   32   32   31   31   30   30   31   31
   33   34   36   37   40   41   42   42   41   42   42   39   38   36   36   35
   35   35   35   35   36   36   36   37   39   40   42   45   48   52   55   59
   61   62   62   62   62   60   59   57   54   52   50   48   45   42   40   39
   38   35   33   30   28   27   26   25   26
    70.0-180.0 180.0   5.0 450.0                            LAT/LON1/LON2/DLON/H
   30   30   31   32   33   35   35   36   35   34   34   32   32   32   32   32
   34   35   38   40   42   43   44   44   43   41   42   39   36   35   34   33
   33   33   34   35   37   38   39   41   43   46   49   52   58   63   68   71
   73   75   76   76   75   73   70   68   63   61   58   55   53   51   49   48
   48   43   40   36   34   32   30   30   30
    67.5-180.0 180.0   5.0 450.0                            LAT/LON1/LON2/DLON/H
   36   36   36   37   38   38   39   39   38   38   37   35   34   34   34   34
   35   37   40   42   44   45   45   45   44   42   40   38   36   33   32   31
   31   32   34   36   38   40   42   45   48   52   55   61   67   72   78   81
   84   86   87   87   86   84   80   76   72   68   65   62   60   58   56   56
   56   52   47   43   40   38   36   36   36
    65.0-180.0 180.0   5.0 450.0                            LAT/LON1/LON2/DLON/H
   42   42   42   42   42   43   43   43   42   42   40   39   37   37   36   37
   37   39   41   43   45   46   45   44   43   41   38   36   33   31   30   30
   30   32   34   37   40   43   46   51   54   58   63   68   74   79   84   89
   93   95   97   96   94   92   87   83   78   73   69   66   64   62   61   61
   60   57   52   49   46   44   43   43   42
    62.5-180.0 180.0   5.0 450.0                            LAT/LON1/LON2/DLON/H
   47   48   47   48   47   47   46   45   45   44   43   41   40   39   39   38
   38   39   41   42   44   45   42   42   40   38   35   34   32   31   30   30
   31   33   36   39   43   48   53   58   62   66   70   75   80   84   89   93
   98  101  103  103  101   98   93   88   82   76   72   68   66   63   62   61
   59   57   54   52   51   50   49   48   47
    60.0-180.0 180.0   5.0 450.0                            LAT/LON1/LON2/DLON/H
   52   52   52   51   51   50   49   48   47   46   45   44   42   41   40   40
   38   38   40   39   40   41   39   38   37   35   33   32   32   32   31   33
   34   37   41   44   48   54   60   66   70   74   78   83   86   90   94   97
  102  105  107  108  107  104   99   93   87   80   76   71   68   64   62   61
   59   57   55   54   54   54   53   52   52
    57.5-180.0 180.0   5.0 450.0                            LAT/LON1/LON2/DLON/H
   56   56   55   55   54   53   51   50   50   49   48   46   45   42   41   40
   38   37   38   37   36   37   36   35   35   34   34   34   34   34   35   37
   39   42   47   52   57   63   69   75   80   84   88   91   93   95   97  100
  104  108  111  112  112  110  105  100   95   87   82   76   72   67   64   62
   59   58   58   56   55   55   56   56   56
    55.0-180.0 180.0   5.0 450.0                            LAT/LON1/LON2/DLON/H
   59   60   59   59   57   56   55   54   53   52   51   49   47   45   43   41
   39   37   36   35   35   35   35   36   36   37   38   39   38   39   40   43
   45   49   55   61   68   74   82   88   92   97  100  101  102  102  103  105
  108  111  115  118  118  117  113  110  105   98   92   85   80   74   69   65
   62   60   59   57   57   57   58   58   59
    52.5-180.0 180.0   5.0 450.0                            LAT/LON1/LON2/DLON/H
   63   64   64   63   62   60   59   58   58   57   56   54   52   48   47   44
   41   39   37   36   35   36   37   40   41   44   45   46   46   46   47   51
   54   58   65   72   79   87   94  101  105  109  112  112  112  111  110  111
  113  116  120  124  126  126  124  122  118  111  104   97   89   82   77   71
   67   63   60   59   58   59   60   61   63
    50.0-180.0 180.0   5.0 450.0                            LAT/LON1/LON2/DLON/H
   68   69   69   69   67   65   65   64   65   65   63   60   58   54   51   48
   46   43   41   40   40   41   44   47   51   53   55   55   55   56   56   59
   62   68   76   83   90   99  107  113  118  122  124  125  124  122  119  119
  120  122  126  130  133  135  135  134  131  125  118  109  100   93   86   79
   73   67   64   62   62   62   63   66   68
    47.5-180.0 180.0   5.0 450.0                            LAT/LON1/LON2/DLON/H
   72   74   74   74   73   72   72   73   75   75   73   69   66   62   58   55
   53   51   49   48   48   51   54   58   62   66   67   68   67   66   65   67
   72   79   85   93  100  108  116  122  127  132  135  137  136  134  130  128
  127  129  132  136  139  141  143  143  140  134  128  119  111  103   95   88
   81   75   70   68   68   67   68   70   72
    45.0-180.0 180.0   5.0 450.0                            LAT/LON1/LON2/DLON/H
   77   78   79   79   79   79   81   83   84   85   84   79   75   70   66   63
   62   61   60   60   60   63   67   72   75   78   79   79   77   74   72   74
   79   87   95  103  110  117  123  128  134  140  145  149  149  146  142  138
  136  137  138  140  143  145  146  146  144  138  132  124  116  109  102   95
   88   83   78   75   73   71   71   74   77
    42.5-180.0 180.0   5.0 450.0                            LAT/LON1/LON2/DLON/H
   80   82   83   84   85   86   88   91   94   95   94   89   85   79   74   72
   71   71   71   72   72   76   80   84   87   89   89   87   83   79   76   78
   84   93  102  111  118  124  128  132  138  145  153  158  160  158  152  147
  143  143  143  144  144  144  145  144  141  136  130  123  116  110  104   98
   93   88   84   81   79   77   77   78   80
    40.0-180.0 180.0   5.0 450.0                            LAT/LON1/LON2/DLON/H
   82   83   85   87   88   90   93   96  100  103  104  100   95   89   84   81
   81   82   83   83   85   88   92   94   97   97   95   92   87   81   80   82
   88   99  110  118  126  130  134  137  142  149  158  164  168  166  161  155
  151  149  147  145  143  142  141  140  135  131  125  118  113  107  103   98
   94   91   89   87   85   83   81   81   82
    37.5-180.0 180.0   5.0 450.0                            LAT/LON1/LON2/DLON/H
   81   82   84   87   88   91   94   98  104  108  111  109  105   99   93   91
   91   92   94   94   95   97  101  103  103  102  100   95   89   83   81   84
   92  103  116  126  133  137  139  141  145  152  160  169  172  172  167  162
  158  155  152  149  144  142  141  138  134  129  124  117  112  106  101   97
   94   91   90   90   89   87   84   82   81
    35.0-180.0 180.0   5.0 450.0                            LAT/LON1/LON2/DLON/H
   80   81   82   84   86   88   91   97  103  109  115  116  113  107  101   98
   98  100  101  102  102  104  106  107  106  105  101   95   89   84   83   87
   96  108  122  133  141  144  144  146  149  155  163  171  176  177  173  169
  166  164  161  158  154  150  148  145  141  136  131  125  119  111  104   99
   94   91   90   90   90   88   84   82   80
    32.5-180.0 180.0   5.0 450.0                            LAT/LON1/LON2/DLON/H
   79   78   79   81   83   83   86   91   99  105  113  118  117  113  108  104
  104  106  106  107  106  106  107  108  108  105  100   95   90   86   86   91
  101  114  128  140  148  151  151  152  156  160  167  175  181  182  180  180
  179  179  179  177  174  170  168  165  162  158  152  146  137  127  116  107
  100   93   91   91   90   88   84   81   79
    30.0-180.0 180.0   5.0 450.0                            LAT/LON1/LON2/DLON/H
   78   77   77   78   79   79   80   84   91   99  108  115  117  115  111  108
  108  108  109  110  107  107  107  108  107  104  100   96   91   88   89   95
  106  119  134  148  156  160  161  163  165  168  173  184  188  191  193  196
  199  203  207  207  208  203  201  199  198  196  189  181  169  155  138  124
  112  101   95   92   90   87   84   81   78
    27.5-180.0 180.0   5.0 450.0                            LAT/LON1/LON2/DLON/H
   79   77   77   77   77   75   75   78   84   91  101  110  114  114  111  110
  109  110  110  109  107  107  108  107  107  104  101   97   93   91   94   99
  110  124  141  156  166  172  174  176  178  178  181  192  199  203  210  220
  229  239  245  248  252  249  247  245  245  245  237  226  211  192  171  149
  131  115  105   97   92   89   85   82   79
    25.0-180.0 180.0   5.0 450.0                            LAT/LON1/LON2/DLON/H
   83   81   81   80   78   75   73   73   77   83   93  102  107  109  108  107
  107  108  108  107  107  108  108  108  107  105  103   99   95   95   98  104
  115  130  148  164  175  182  187  189  189  191  193  202  210  219  233  251
  268  278  284  289  295  298  300  298  297  300  293  278  261  237  211  184
  157  134  118  106   98   92   89   86   83
    22.5-180.0 180.0   5.0 450.0                            LAT/LON1/LON2/DLON/H
   89   88   87   86   83   80   76   74   74   78   85   94   99  102  102  101
  102  104  105  106  107  108  109  108  107  106  104  100   97   96   99  107
  119  136  156  173  185  192  199  200  201  205  207  215  226  240  261  284
  304  316  322  326  330  336  342  343  345  348  343  328  310  283  252  221
  188  158  137  120  108  100   96   92   89
    20.0-180.0 180.0   5.0 450.0                            LAT/LON1/LON2/DLON/H
   97   96   95   94   92   88   83   79   76   76   80   86   91   94   95   95
   96   98  101  103  105  107  108  108  108  106  103   99   94   93   99  109
  124  144  165  181  193  203  209  210  213  218  223  231  245  263  289  312
  333  345  349  351  352  357  364  368  370  374  373  362  346  320  287  255
  220  187  160  137  123  112  106  101   97
    17.5-180.0 180.0   5.0 450.0                            LAT/LON1/LON2/DLON/H
  107  104  103  102  101   98   92   85   80   78   79   82   85   87   89   90
   90   92   96   99  103  106  108  107  107  103   99   94   89   89   97  110
  127  150  170  187  202  213  219  221  227  234  241  250  263  284  309  334
  351  360  362  361  360  364  369  373  375  378  379  372  360  339  311  282
  247  214  184  159  142  127  118  111  107
    15.0-180.0 180.0   5.0 450.0                            LAT/LON1/LON2/DLON/H
  115  112  110  109  108  106  101   94   87   82   81   81   82   84   84   85
   86   87   90   95  100  104  105  104  102   98   92   86   83   86   96  111
  130  153  175  194  209  221  228  234  240  248  257  268  282  301  324  345
  358  363  363  358  355  357  361  363  366  368  370  366  357  343  323  299
  271  238  208  182  159  142  130  122  115
    12.5-180.0 180.0   5.0 450.0                            LAT/LON1/LON2/DLON/H
  122  117  115  113  113  112  109  103   95   89   86   84   83   83   82   81
   82   84   87   91   95   99  100   99   95   90   85   79   80   86   97  113
  133  157  180  199  215  227  235  243  252  263  274  285  298  314  333  349
  357  359  356  349  344  344  346  346  349  351  353  353  348  338  325  307
  286  256  227  200  176  157  142  129  122
    10.0-180.0 180.0   5.0 450.0                            LAT/LON1/LON2/DLON/H
  126  120  116  115  114  116  115  111  103   96   92   90   88   85   81   80
   81   83   86   89   92   94   93   92   88   83   78   75   79   87   98  116
  138  162  185  204  221  233  242  252  263  275  289  300  312  324  337  346
  350  351  348  341  334  333  333  334  335  336  338  339  337  330  321  308
  291  267  241  215  189  168  150  136  126
     7.5-180.0 180.0   5.0 450.0                            LAT/LON1/LON2/DLON/H
  128  120  116  113  113  115  117  114  109  103   99   97   94   90   85   82
   83   84   87   88   89   90   88   86   84   80   75   74   77   86  100  120
  142  166  189  209  225  238  249  260  272  286  302  312  322  330  336  340
  342  346  344  338  333  331  331  331  330  329  330  331  330  325  319  308
  293  272  249  223  198  175  155  139  128
     5.0-180.0 180.0   5.0 450.0                            LAT/LON1/LON2/DLON/H
  129  119  114  110  109  111  114  114  111  107  104  102  100   95   90   87
   86   88   90   90   88   87   86   84   83   78   74   73   76   87  104  125
  148  172  193  212  228  241  254  266  281  297  311  320  328  335  336  337
  342  346  346  343  342  342  342  341  337  334  333  334  332  327  320  309
  295  274  252  228  202  178  158  141  129
     2.5-180.0 180.0   5.0 450.0                            LAT/LON1/LON2/DLON/H
  130  120  113  108  105  107  110  112  111  107  105  104  102   99   95   92
   91   91   93   92   89   88   86   84   82   78   74   74   78   91  109  131
  154  176  195  213  229  244  257  272  287  303  315  324  331  336  340  341
  348  354  357  360  364  364  365  362  357  352  350  348  344  336  327  314
  297  274  252  228  204  180  159  143  130
