test/data/sp3/igrg3390.10i
     1.0            IONOSPHERE MAPS     MIX                 IONEX VERSION / TYPE
tecrms2ionex_2.awk  GRL/UWM            12/06/10 2312UT      PGM / RUN BY / DATE
Global ionosphere maps for day 339, 2010 ( 5-12-2010)       DESCRIPTION
IONEX file containing the COMBINED IGS Ionosphere maps      DESCRIPTION
from the combination of the following IAACs:                DESCRIPTION
corg                                                        DESCRIPTION
esrg                                                        DESCRIPTION
jprg                                                        DESCRIPTION
uprg                                                        DESCRIPTION
Contact address: Andrzej Krankowski                         DESCRIPTION
                 Geodynamics Research Laboratory            DESCRIPTION
                 University of Warmia and Mazury (GRL/UWM)  DESCRIPTION
                 Oczapowski St. 1                           DESCRIPTION
                 10-957-Olsztyn, POLAND                     DESCRIPTION
                 e-mail:  kand@uwm.edu.pl                   DESCRIPTION
                                                            DESCRIPTION
  2010    12     5     0     0     0                        EPOCH OF FIRST MAP
  2010    12     6     0     0     0                        EPOCH OF LAST MAP
  7200                                                      INTERVAL
    13                                                      # OF MAPS IN FILE
  COSZ                                                      MAPPING FUNCTION
     0.0                                                    ELEVATION CUTOFF
Combined TEC calculated as weighted mean of input TEC valuesOBSERVABLES USED
   321                                                      # OF STATIONS
    32                                                      # OF SATELLITES
  6371.0                                                    BASE RADIUS
     2                                                      MAP DIMENSION
   450.0 450.0   0.0                                        HGT1 / HGT2 / DHGT
    87.5 -87.5  -2.5                                        LAT1 / LAT2 / DLAT
  -180.0 180.0   5.0                                        LON1 / LON2 / DLON
    -1                                                      EXPONENT
TEC values in  0.1 TECUs; 9999 if no value available        COMMENT
DCB values in nanoseconds, reference is Sum_of_SatDCBs = 0  COMMENT
                                                            END OF HEADER
[from data line 4719]
    12                                                      START OF TEC MAP
  2010    12     5    22     0     0                        EPOCH OF CURRENT MAP
    87.5-180.0 180.0   5.0 450.0                            LAT/LON1/LON2/DLON/H
   69   69   69   69   70   70   69   69   69   69   69   69   68   68   67   67
   66   66   65   65   64   64   63   62   62   62   61   61   61   61   60   61
   61   61   61   62   62   62   62   63   64   64   64   64   65   65   66   66
   67   67   67   68   68   68   68   68   69   69   69   68   68   69   69   68
   68   68   69   69   69   69   69   69   69
    85.0-180.0 180.0   5.0 450.0                            LAT/LON1/LON2/DLON/H
   67   68   68   69   70   70   71   71   71   71   70   70   69   68   68   66
   65   64   62   60   59   57   55   54   53   52   52   52   52   52   52   52
   52   53   54   56   56   57   58   59   60   61   61   62   63   63   64   64
   64   64   65   66   66   66   66   66   66   66   66   66   65   65   65   65
   65   65   65   65   65   66   66   66   67
    82.5-180.0 180.0   5.0 450.0                            LAT/LON1/LON2/DLON/H
   64   65   67   67   69   70   70   71   72   72   72   71   70   69   68   65
   64   62   61   59   56   52   47   46   46   45   44   42   43   43   43   44
   44   45   46   49   49   52   53   55   56   58   59   59   60   60   60   61
   61   61   62   62   63   62   63   63   62   62   62   61   61   60   60   60
   59   59   58   59   59   60   61   63   64
    80.0-180.0 180.0   5.0 450.0                            LAT/LON1/LON2/DLON/H
   59   61   63   65   68   70   71   72   73   73   73   73   72   70   68   65
   62   59   55   52   48   50   43   39   37   35   34   34   34   33   34   34
   35   36   37   38   41   43   45   48   50   52   54   56   57   58   57   56
   56   56   57   58   58   58   58   58   58   58   57   57   55   54   54   53
   52   51   51   52   53   54   56   57   59
    77.5-180.0 180.0   5.0 450.0                            LAT/LON1/LON2/DLON/H
   58   61   63   66   69   71   73   74   75   75   75   75   73   73   70   67
   62   57   52   47   42   39   35   33   32   31   30   30   30   30   31   32
   32   33   34   35   37   39   41   43   46   48   49   50   51   53   54   53
   52   51   51   52   51   52   52   52   53   54   53   52   51   49   48   46
   45   45   46   46   48   50   52   55   58
    75.0-180.0 180.0   5.0 450.0                            LAT/LON1/LON2/DLON/H
   61   64   67   70   73   75   77   79   80   80   80   81   80   78   76   70
   65   60   54   47   43   40   37   35   31   30   30   31   30   29   30   31
   32   34   35   35   36   38   41   42   44   46   47   47   45   47   49   48
   47   47   46   46   46   46   47   47   47   49   49   47   46   44   42   41
   40   41   42   45   48   51   54   57   61
    72.5-180.0 180.0   5.0 450.0                            LAT/LON1/LON2/DLON/H
   68   70   74   77   80   83   85   87   88   91   91   91   90   87   82   76
   71   64   56   51   48   44   40   39   36   32   33   33   36   35   33   33
   34   32   34   36   36   37   39   41   43   44   45   45   43   42   43   44
   44   43   42   42   41   42   43   43   43   44   44   43   42   40   39   38
   38   40   44   48   52   56   61   65   68
    70.0-180.0 180.0   5.0 450.0                            LAT/LON1/LON2/DLON/H
   78   81   84   88   91   93   95   97   99  101  102  102  100   96   90   83
   77   70   62   56   53   48   43   41   40   36   35   39   41   40   38   36
   37   36   34   33   34   35   36   38   40   42   43   43   43   41   41   41
   42   41   40   39   39   39   40   41   41   42   42   41   40   39   39   38
   40   43   47   52   58   64   71   75   78
    67.5-180.0 180.0   5.0 450.0                            LAT/LON1/LON2/DLON/H
   89   92   95   99  101  103  105  107  109  111  112  111  109  105   98   92
   84   75   69   60   55   50   45   44   42   39   39   42   45   44   41   40
   38   38   37   36   33   32   33   34   37   38   40   41   41   41   40   39
   40   39   38   37   38   40   41   42   42   43   43   43   43   42   42   42
   44   47   51   57   64   72   81   85   89
    65.0-180.0 180.0   5.0 450.0                            LAT/LON1/LON2/DLON/H
   99  102  105  107  109  110  113  115  117  120  121  120  118  115  108  101
   92   82   74   65   59   53   49   47   43   41   42   44   46   45   43   41
   40   39   39   39   37   33   33   33   36   37   39   41   42   43   43   42
   42   41   40   40   40   41   43   45   46   47   47   47   47   46   45   46
   47   50   55   62   69   78   88   94   99
    62.5-180.0 180.0   5.0 450.0                            LAT/LON1/LON2/DLON/H
  107  110  112  113  114  116  120  121  123  126  128  128  126  122  117  108
   99   89   80   72   65   57   52   49   46   42   43   44   45   45   44   43
   42   40   39   40   40   36   34   35   37   39   42   44   47   48   48   48
   48   47   45   44   44   45   47   50   52   54   53   52   51   49   49   49
   50   54   59   65   75   84   94  101  107
    60.0-180.0 180.0   5.0 450.0                            LAT/LON1/LON2/DLON/H
  112  116  118  118  117  120  123  125  127  130  132  132  131  128  122  114
  105   96   87   78   69   62   55   51   47   44   44   44   44   45   45   45
   45   43   41   42   41   39   40   41   43   46   50   51   53   54   55   55
   55   53   51   49   49   51   53   55   58   60   59   58   55   53   51   51
   52   56   63   71   79   90   98  106  112
    57.5-180.0 180.0   5.0 450.0                            LAT/LON1/LON2/DLON/H
  116  120  123  123  122  123  125  128  130  132  134  134  133  131  125  118
  109  100   91   82   73   65   59   55   50   48   46   46   46   46   48   49
   49   48   47   46   45   44   47   49   52   56   59   62   63   65   65   65
   64   61   59   55   54   57   59   60   62   63   63   61   59   57   54   54
   55   60   67   75   84   94  102  109  116
    55.0-180.0 180.0   5.0 450.0                            LAT/LON1/LON2/DLON/H
  119  124  127  128  128  127  128  131  131  132  134  136  136  133  128  121
  112  103   93   83   75   67   63   59   53   51   49   50   48   49   51   53
   53   54   53   53   53   54   57   60   64   69   72   75   76   77   76   76
   74   71   69   67   64   64   64   64   65   66   65   63   61   59   57   57
   59   64   72   80   89   97  105  112  119
    52.5-180.0 180.0   5.0 450.0                            LAT/LON1/LON2/DLON/H
  122  128  132  134  135  134  133  136  135  134  135  136  136  133  129  122
  114  105   96   84   75   68   66   63   58   55   53   54   53   53   56   59
   60   61   62   63   65   67   70   74   78   81   84   87   88   88   87   85
   82   80   79   78   75   71   68   68   67   67   66   64   62   61   60   61
   64   68   76   84   92  100  108  115  122
    50.0-180.0 180.0   5.0 450.0                            LAT/LON1/LON2/DLON/H
  127  132  137  140  143  143  141  141  139  136  136  137  137  134  130  123
  116  108  100   90   80   74   71   68   64   62   60   60   60   61   64   67
   69   71   72   74   76   80   83   87   90   93   95   96   96   95   93   90
   88   87   86   85   82   76   73   72   71   69   68   67   65   64   64   65
   68   73   81   88   96  104  112  120  127
    47.5-180.0 180.0   5.0 450.0                            LAT/LON1/LON2/DLON/H
  131  138  143  147  151  152  150  149  145  141  139  139  138  136  132  126
  119  112  104   97   89   83   79   75   73   71   69   68   69   70   73   75
   77   80   82   84   87   90   93   96   99  101  101  101  101  100   97   94
   92   92   91   89   85   82   79   77   76   73   72   70   68   68   68   70
   74   81   87   93  101  107  116  124  131
    45.0-180.0 180.0   5.0 450.0                            LAT/LON1/LON2/DLON/H
  136  143  148  154  158  160  159  156  152  147  143  142  142  139  135  129
  122  115  108  103   96   91   87   84   82   80   78   77   76   78   81   82
   84   86   88   90   92   97  100  103  106  107  106  105  104  102   98   96
   95   94   93   93   90   87   85   82   81   79   76   75   73   73   74   77
   81   87   92   98  106  113  121  128  136
    42.5-180.0 180.0   5.0 450.0                            LAT/LON1/LON2/DLON/H
  140  147  152  157  162  165  165  162  159  154  149  147  145  143  139  134
  127  120  114  109  103   98   95   92   90   88   86   84   83   84   86   87
   87   89   91   92   96  100  104  108  109  110  108  106  104  102   99   97
   96   96   95   95   93   91   89   86   85   83   81   78   77   78   80   84
   88   93   98  104  111  118  126  133  140
    40.0-180.0 180.0   5.0 450.0                            LAT/LON1/LON2/DLON/H
  145  150  154  157  161  164  166  166  164  160  157  153  151  147  144  140
  134  127  121  116  110  106  102   99   96   93   90   88   87   89   89   89
   89   90   92   94   97  101  106  108  109  108  107  105  103  102   99   96
   95   94   94   94   93   91   90   87   86   84   83   81   81   82   85   89
   94   98  103  109  116  123  132  139  145
    37.5-180.0 180.0   5.0 450.0                            LAT/LON1/LON2/DLON/H
  150  153  154  155  158  161  163  165  166  165  163  160  157  154  151  147
  141  136  130  124  118  113  108  105  100   96   92   89   90   91   92   92
   92   93   94   95   97  101  104  106  106  103  103  103  102  101   98   93
   92   91   90   91   90   90   89   87   86   85   84   83   83   84   88   94
   99  104  108  113  120  128  136  144  150
    35.0-180.0 180.0   5.0 450.0                            LAT/LON1/LON2/DLON/H
  154  155  154  153  153  155  158  161  166  168  169  167  164  160  157  154
  150  144  139  132  127  121  115  111  103   96   92   90   92   94   95   95
   95   96   96   96   97   99  101  102  101   99  100  101  102  100   96   91
   88   86   86   86   87   88   87   86   85   85   84   83   83   86   90   97
  104  108  112  117  124  133  142  149  154
    32.5-180.0 180.0   5.0 450.0                            LAT/LON1/LON2/DLON/H
  161  160  157  152  149  149  152  157  164  170  173  172  171  166  163  160
  157  152  147  140  136  129  121  115  107   97   93   92   94   97   99   99
  100  101   99   98   97   97   98   98   96   98   98  100  100   99   95   89
   84   83   82   83   85   85   85   84   84   84   84   83   84   86   91  100
  107  112  118  122  130  138  148  156  161
    30.0-180.0 180.0   5.0 450.0                            LAT/LON1/LON2/DLON/H
  172  171  166  158  151  148  150  155  163  171  176  176  178  170  167  166
  164  160  155  149  143  136  126  117  108   99   96   96   99  102  104  105
  107  107  106  103   99   97   96   96   95   95   96   99   99   97   93   87
   82   79   79   81   82   82   82   81   81   82   82   82   83   86   93  102
  111  118  123  128  137  148  158  168  172
    27.5-180.0 180.0   5.0 450.0                            LAT/LON1/LON2/DLON/H
  191  190  184  175  165  159  157  159  165  173  178  178  179  174  171  170
  169  167  163  157  149  141  131  121  111  104  102  104  107  110  112  114
  117  118  115  110  103   98   97   96   95   95   96   97   97   95   90   84
   79   76   77   78   79   79   78   78   78   78   79   80   82   87   95  105
  115  124  130  137  148  160  173  184  191
    25.0-180.0 180.0   5.0 450.0                            LAT/LON1/LON2/DLON/H
  218  222  217  207  193  182  174  173  174  178  182  181  179  177  174  174
  174  173  169  162  155  147  139  128  119  116  114  117  120  121  125  127
  130  132  128  120  108  101   99   97   96   95   96   95   94   91   86   81
   76   73   74   76   76   76   74   73   74   75   75   77   80   87   97  108
  120  130  137  147  160  175  191  207  218
    22.5-180.0 180.0   5.0 450.0                            LAT/LON1/LON2/DLON/H
  250  266  269  256  236  221  208  200  194  192  190  187  184  182  180  177
  178  176  172  167  161  155  147  139  131  130  130  135  136  135  136  138
  143  145  140  131  115  106  101   98   97   95   95   93   90   87   82   77
   72   69   70   73   73   72   70   70   70   71   71   73   79   88  100  112
  125  136  145  158  172  191  211  233  250
    20.0-180.0 180.0   5.0 450.0                            LAT/LON1/LON2/DLON/H
  284  311  327  318  295  275  256  243  228  216  208  200  195  192  187  183
  181  179  174  171  166  162  156  151  147  148  152  155  153  148  146  149
  154  156  152  141  121  109  102   99   97   94   93   90   87   82   78   73
   69   67   68   71   71   69   68   67   67   67   68   70   77   90  104  117
  130  142  153  169  185  207  230  256  284
    17.5-180.0 180.0   5.0 450.0                            LAT/LON1/LON2/DLON/H
  314  352  376  378  359  337  321  299  274  253  236  221  212  207  201  194
  189  185  180  176  171  169  166  164  164  169  175  176  170  159  154  156
  162  163  158  145  125  109  102   99   96   92   91   86   82   78   75   71
   68   68   68   69   69   67   66   66   66   67   68   70   78   93  109  123
  136  148  161  178  198  221  246  276  314
    15.0-180.0 180.0   5.0 450.0                            LAT/LON1/LON2/DLON/H
  328  374  408  417  409  390  373  353  324  293  268  249  236  227  219  210
  201  195  188  182  178  176  175  177  182  188  195  195  184  167  158  158
  163  163  156  141  121  107  100   96   94   89   87   82   79   76   74   72
   70   69   69   69   68   67   66   66   66   68   69   71   80   96  114  129
  141  153  167  186  207  232  257  287  328
    12.5-180.0 180.0   5.0 450.0                            LAT/LON1/LON2/DLON/H
  328  373  413  431  432  423  414  397  372  339  306  282  265  253  243  230
  218  209  199  193  190  188  188  191  196  202  210  210  193  171  159  157
  159  156  148  133  116  103   97   94   91   86   83   79   77   76   76   75
   74   72   70   69   68   67   66   66   66   68   69   73   82   99  119  134
  146  158  173  192  214  239  264  292  328
    10.0-180.0 180.0   5.0 450.0                            LAT/LON1/LON2/DLON/H
  320  358  395  419  429  429  428  423  404  375  341  314  295  283  271  256
  240  228  216  210  208  206  205  207  211  218  222  217  196  172  159  155
  153  148  139  126  111  100   96   93   89   84   81   78   77   78   80   80
   78   74   72   69   68   67   66   65   66   68   71   74   84  102  123  139
  150  162  178  197  220  245  268  292  320
     7.5-180.0 180.0   5.0 450.0                            LAT/LON1/LON2/DLON/H
  312  338  369  393  408  414  419  424  419  398  368  342  324  313  302  286
  268  253  240  236  234  231  229  228  231  236  233  220  195  171  159  153
  148  142  133  121  110  102   98   95   89   84   81   79   80   84   86   86
   84   79   74   71   69   68   66   66   67   71   73   77   87  106  126  143
  154  165  181  202  226  251  273  292  312
     5.0-180.0 180.0   5.0 450.0                            LAT/LON1/LON2/DLON/H
  307  322  345  365  381  391  400  411  416  405  382  361  347  342  332  319
  297  282  272  267  264  260  258  255  254  254  243  221  194  174  162  156
  148  140  132  122  114  108  104   99   92   87   85   84   86   91   94   93
   90   84   79   75   72   71   69   68   69   75   78   80   91  110  129  145
  157  168  184  206  231  256  278  295  307
     2.5-180.0 180.0   5.0 450.0                            LAT/LON1/LON2/DLON/H
  308  315  327  344  357  367  379  394  403  397  381  368  361  361  355  346
  328  314  303  298  295  291  288  284  280  275  254  225  199  181  170  163
  155  146  137  129  123  118  113  107   99   95   93   94   95  100  102  101
   96   91   86   81   77   75   74   72   72   77   81   85   96  114  133  147
  158  170  186  208  235  262  286  301  308
