test/data/sp3/igrg3380.10i
     1.0            IONOSPHERE MAPS     MIX                 IONEX VERSION / TYPE
tecrms2ionex_2.awk  GRL/UWM            12/05/10 2312UT      PGM / RUN BY / DATE
Global ionosphere maps for day 338, 2010 ( 4-12-2010)       DESCRIPTION
IONEX file containing the COMBINED IGS Ionosphere maps      DESCRIPTION
from the combination of the following IAACs:                DESCRIPTION
corg                                                        DESCRIPTION
esrg                                                        DESCRIPTION
jprg                                                        DESCRIPTION
uprg                                                        DESCRIPTION
Contact address: Andrzej Krankowski                         DESCRIPTION
                 Geodynamics Research Laboratory            DESCRIPTION
                 University of Warmia and Mazury (GRL/UWM)  DESCRIPTION
                 Oczapowski St. 1                           DESCRIPTION
                 10-957-Olsztyn, POLAND                     DESCRIPTION
                 e-mail:  kand@uwm.edu.pl                   DESCRIPTION
                                                            DESCRIPTION
  2010    12     4     0     0     0                        EPOCH OF FIRST MAP
  2010    12     5     0     0     0                        EPOCH OF LAST MAP
  7200                                                      INTERVAL
    13                                                      # OF MAPS IN FILE
  COSZ                                                      MAPPING FUNCTION
     0.0                                                    ELEVATION CUTOFF
Combined TEC calculated as weighted mean of input TEC valuesOBSERVABLES USED
   322                                                      # OF STATIONS
    32                                                      # OF SATELLITES
  6371.0                                                    BASE RADIUS
     2                                                      MAP DIMENSION
   450.0 450.0   0.0                                        HGT1 / HGT2 / DHGT
    87.5 -87.5  -2.5                                        LAT1 / LAT2 / DLAT
  -180.0 180.0   5.0                                        LON1 / LON2 / DLON
    -1                                                      EXPONENT
TEC values in  0.1 TECUs; 9999 if no value available        COMMENT
DCB values in nanoseconds, reference is Sum_of_SatDCBs = 0  COMMENT
                                                            END OF HEADER
[from data line 5148]
    13                                                      START OF TEC MAP
  2010    12     5     0     0     0                        EPOCH OF CURRENT MAP
    87.5-180.0 180.0   5.0 450.0                            LAT/LON1/LON2/DLON/H
   63   63   63   63   63   63   63   63   63   63   62   63   62   62   62   62
   61   61   61   61   61   61   60   60   60   59   59   58   58   58   58   58
   57   57   57   57   57   57   57   57   57   57   57   57   57   56   57   57
   57   57   57   57   57   58   58   58   59   59   59   59   60   60   60   61
   61   61   61   61   62   62   62   62   63
    85.0-180.0 180.0   5.0 450.0                            LAT/LON1/LON2/DLON/H
   64   65   65   65   65   65   65   65   64   64   63   63   62   61   60   59
   59   57   56   57   57   57   56   55   54   53   53   53   52   51   51   51
   52   51   51   52   52   52   52   52   52   52   51   51   51   52   52   52
   52   52   51   52   52   52   53   54   54   55   55   56   56   57   58   58
   59   60   61   62   62   63   63   64   64
    82.5-180.0 180.0   5.0 450.0                            LAT/LON1/LON2/DLON/H
   65   66   66   66   66   66   66   65   64   64   63   61   60   58   57   56
   54   52   50   48   48   49   50   49   46   45   44   45   44   45   45   45
   45   45   45   45   45   46   46   46   46   46   47   47   47   48   48   48
   47   47   47   47   47   47   48   48   49   50   51   52   53   54   55   57
   58   59   61   62   62   63   65   65   65
    80.0-180.0 180.0   5.0 450.0                            LAT/LON1/LON2/DLON/H
   68   68   69   69   69   68   68   67   66   65   64   61   58   55   53   51
   48   46   44   43   42   41   43   40   40   40   40   40   40   40   40   40
   40   41   41   41   41   41   40   40   40   39   40   40   41   42   44   44
   43   43   43   43   43   43   43   44   45   46   47   49   50   52   54   56
   57   59   61   62   64   65   66   67   68
    77.5-180.0 180.0   5.0 450.0                            LAT/LON1/LON2/DLON/H
   73   74   75   76   75   75   74   72   70   68   65   63   61   57   55   51
   47   43   41   39   37   34   33   32   32   33   33   33   34   35   36   36
   37   38   38   39   38   38   37   37   36   35   35   36   37   38   38   38
   39   39   39   39   39   40   40   41   42   43   45   47   49   51   53   56
   58   60   63   65   67   69   71   72   73
    75.0-180.0 180.0   5.0 450.0                            LAT/LON1/LON2/DLON/H
   82   82   83   84   83   83   80   79   78   75   71   67   63   59   55   49
   45   42   39   36   33   31   32   31   30   30   30   31   33   33   34   35
   35   36   36   36   36   35   34   34   33   32   32   32   33   33   34   34
   35   35   36   37   37   38   38   38   39   41   43   46   48   51   54   57
   61   63   66   70   73   75   78   80   82
    72.5-180.0 180.0   5.0 450.0                            LAT/LON1/LON2/DLON/H
   92   93   93   94   92   91   89   87   84   80   75   72   68   61   55   50
   46   43   39   36   33   30   31   31   31   31   31   31   32   33   34   35
   35   36   35   34   34   34   32   31   31   30   29   29   30   30   31   32
   33   34   35   36   37   37   37   37   38   40   43   45   48   52   58   61
   65   68   72   77   80   84   88   90   92
    70.0-180.0 180.0   5.0 450.0                            LAT/LON1/LON2/DLON/H
  103  104  104  104  103  101   98   95   92   88   83   79   70   63   58   53
   48   43   40   37   34   32   32   33   33   33   32   33   32   34   35   35
   35   35   35   34   34   33   32   30   30   29   28   27   27   27   29   30
   32   34   36   37   37   38   38   39   40   41   43   46   49   56   60   66
   71   75   80   85   91   96   99  101  103
    67.5-180.0 180.0   5.0 450.0                            LAT/LON1/LON2/DLON/H
  115  116  115  114  113  111  108  104  100   95   91   85   77   70   62   57
   51   46   41   39   37   35   35   35   35   35   35   35   34   34   36   35
   35   35   35   34   34   33   32   31   30   30   29   27   26   27   28   30
   32   34   36   37   39   40   41   42   43   44   45   48   51   58   64   71
   77   83   89   95  102  108  111  114  115
    65.0-180.0 180.0   5.0 450.0                            LAT/LON1/LON2/DLON/H
  125  125  125  123  122  120  117  112  107  103   98   91   84   77   68   62
   57   50   43   41   40   38   37   37   37   37   37   37   37   36   37   35
   34   34   34   35   34   33   33   32   30   30   31   29   28   29   31   33
   35   37   39   41   42   43   45   46   46   47   49   52   57   63   70   77
   83   90   96  104  110  116  120  124  125
    62.5-180.0 180.0   5.0 450.0                            LAT/LON1/LON2/DLON/H
  133  134  132  130  128  126  123  119  115  110  104   97   90   83   75   67
   61   53   47   43   42   39   38   37   38   38   38   38   38   38   38   37
   34   33   34   36   36   35   35   35   33   32   33   33   33   34   36   38
   38   40   43   46   48   49   50   51   51   52   54   58   65   71   78   84
   91   97  103  109  116  122  127  130  133
    60.0-180.0 180.0   5.0 450.0                            LAT/LON1/LON2/DLON/H
  138  139  138  136  133  130  128  124  119  115  109  102   94   86   78   70
   63   56   51   46   44   42   39   39   39   39   39   40   40   40   39   39
   37   35   37   39   39   40   40   40   40   38   39   40   41   42   43   44
   45   46   48   51   53   54   54   55   55   56   59   63   71   78   85   91
   98  103  109  115  121  126  131  136  138
    57.5-180.0 180.0   5.0 450.0                            LAT/LON1/LON2/DLON/H
  143  145  144  141  137  133  130  126  123  117  112  105   97   88   81   73
   66   60   55   49   46   44   41   41   41   41   41   42   43   46   40   40
   40   39   41   43   45   46   47   48   50   49   49   51   51   52   51   52
   53   55   57   56   56   57   58   58   59   61   64   69   76   84   92   99
  105  110  115  119  125  130  135  140  143
    55.0-180.0 180.0   5.0 450.0                            LAT/LON1/LON2/DLON/H
  148  150  150  146  140  134  131  128  124  118  113  107   99   91   84   76
   69   63   58   54   49   45   43   44   44   44   46   45   46   48   43   43
   44   44   47   50   53   55   57   59   61   62   63   63   62   63   61   60
   60   61   63   61   58   63   65   62   63   65   70   75   82   90   99  107
  113  117  120  124  128  133  139  145  148
    52.5-180.0 180.0   5.0 450.0                            LAT/LON1/LON2/DLON/H
  154  157  156  153  144  137  133  129  125  119  114  108  101   93   87   79
   73   68   63   59   53   47   47   49   48   49   51   50   49   50   48   49
   50   53   56   61   65   67   69   71   72   75   76   76   75   75   72   68
   67   66   66   63   59   68   76   69   67   69   74   80   87   96  104  113
  119  123  126  128  131  137  143  149  154
    50.0-180.0 180.0   5.0 450.0                            LAT/LON1/LON2/DLON/H
  160  163  164  158  149  141  136  131  126  121  115  110  103   96   90   83
   78   73   68   64   60   53   53   55   55   55   56   55   54   54   54   56
   59   62   66   71   75   78   80   83   84   87   87   86   87   85   81   76
   74   71   69   66   61   68   79   73   71   74   80   85   92  101  108  116
  123  126  128  131  135  141  148  155  160
    47.5-180.0 180.0   5.0 450.0                            LAT/LON1/LON2/DLON/H
  166  170  170  165  156  147  140  135  128  124  119  113  106   99   94   89
   84   80   75   71   66   63   62   63   63   64   63   63   61   62   62   65
   68   72   77   81   85   88   89   91   94   95   95   94   94   92   87   83
   79   76   74   71   67   69   74   74   75   79   85   91   98  106  113  119
  125  128  131  134  138  145  153  160  166
    45.0-180.0 180.0   5.0 450.0                            LAT/LON1/LON2/DLON/H
  171  175  175  170  163  154  145  139  133  128  123  118  111  105  100   95
   91   87   82   79   74   73   72   72   74   74   72   71   71   71   71   74
   77   81   85   88   91   94   97   98   99   99   98   97   97   95   92   88
   85   81   78   76   74   73   75   77   80   85   91   97  103  111  117  123
  127  131  134  137  142  149  157  165  171
    42.5-180.0 180.0   5.0 450.0                            LAT/LON1/LON2/DLON/H
  174  178  178  175  169  160  152  144  138  133  129  124  119  113  107  102
   97   94   89   86   83   83   83   83   84   84   82   80   79   79   79   81
   84   87   90   94   96  100  101  101  101  100   98   98   97   97   95   94
   90   86   83   80   78   77   77   79   84   90   97  103  109  116  122  126
  130  134  138  142  147  154  162  169  174
    40.0-180.0 180.0   5.0 450.0                            LAT/LON1/LON2/DLON/H
  177  179  179  177  173  166  157  150  144  139  136  132  127  122  116  111
  106  101   96   93   91   92   93   94   94   92   90   88   86   85   85   85
   87   90   94   99  101  103  103  103  101   99   97   97   98   98   98   97
   94   90   85   82   80   78   79   81   86   94  101  108  113  119  125  129
  133  137  143  148  154  160  167  173  177
    37.5-180.0 180.0   5.0 450.0                            LAT/LON1/LON2/DLON/H
  179  180  179  177  174  169  162  154  149  145  143  139  134  130  125  120
  114  108  102   98   99   99  100  103  103   99   95   93   91   90   89   89
   91   94   99  102  103  104  104  102   99   97   96   96   97   98   98   98
   95   90   85   82   80   79   80   82   89   97  106  112  117  122  127  132
  137  142  149  156  162  168  174  177  179
    35.0-180.0 180.0   5.0 450.0                            LAT/LON1/LON2/DLON/H
  184  182  180  177  174  169  163  157  153  150  149  146  142  137  132  128
  122  115  108  100  103  105  104  108  109  104   99   97   96   95   94   93
   95   97  100  102  103  103  102  100   97   95   95   94   95   96   97   96
   93   88   84   81   79   79   79   83   90  100  109  116  121  125  130  136
  142  149  158  166  174  181  185  185  184
    32.5-180.0 180.0   5.0 450.0                            LAT/LON1/LON2/DLON/H
  195  190  184  179  175  169  163  159  156  154  153  152  148  143  138  133
  127  120  110  103  107  112  108  110  111  106  102  101  102  101   99   98
   99   99  100  101  101  100   99   97   95   94   93   92   92   94   94   93
   90   87   83   81   80   79   80   84   92  102  112  120  125  130  135  142
  151  161  172  181  192  200  202  200  195
    30.0-180.0 180.0   5.0 450.0                            LAT/LON1/LON2/DLON/H
  218  209  198  189  180  172  165  161  158  157  155  155  153  148  143  136
  130  123  113  108  111  116  111  110  109  105  104  105  106  106  105  103
  102  101  100  100   99   99   98   96   94   92   91   90   91   91   91   91
   88   85   81   80   79   78   80   85   94  105  116  125  131  135  142  152
  163  177  193  204  219  227  229  226  218
    27.5-180.0 180.0   5.0 450.0                            LAT/LON1/LON2/DLON/H
  253  239  223  208  194  182  171  165  161  160  157  156  154  150  146  141
  134  127  118  114  115  117  112  109  107  105  105  108  110  111  111  108
  106  103  102  101  100   99   97   95   93   91   90   89   89   89   90   89
   86   83   79   77   76   77   79   86   97  109  121  131  137  143  152  164
  177  196  216  236  258  265  268  265  253
    25.0-180.0 180.0   5.0 450.0                            LAT/LON1/LON2/DLON/H
  304  286  263  242  220  200  183  173  168  163  159  156  152  150  148  144
  139  133  124  118  118  117  112  109  108  108  109  113  116  118  118  114
  111  108  105  103  101   98   96   95   94   92   90   89   89   88   89   88
   85   81   77   74   74   75   79   88  100  113  127  137  145  152  163  176
  192  214  241  272  301  314  321  319  304
    22.5-180.0 180.0   5.0 450.0                            LAT/LON1/LON2/DLON/H
  365  346  323  290  258  228  204  189  179  172  164  159  153  151  150  148
  145  139  131  123  120  117  113  111  112  116  118  122  124  125  125  122
  117  113  109  106  102   98   96   95   94   92   89   89   89   88   89   87
   84   80   75   72   70   73   78   90  104  119  133  144  154  163  174  189
  206  230  262  299  334  361  378  378  365
    20.0-180.0 180.0   5.0 450.0                            LAT/LON1/LON2/DLON/H
  420  406  381  346  306  267  233  210  195  185  175  166  159  155  152  152
  151  146  137  128  120  116  115  117  121  126  128  131  133  133  133  129
  124  118  113  108  104   98   96   95   94   91   89   88   88   88   88   86
   82   77   71   68   67   69   78   93  109  126  140  152  163  174  186  202
  220  244  276  315  356  394  415  420  420
    17.5-180.0 180.0   5.0 450.0                            LAT/LON1/LON2/DLON/H
  446  442  429  396  353  309  267  237  216  202  188  176  166  159  155  155
  154  150  143  133  124  120  120  125  131  136  139  140  140  140  139  135
  128  121  115  110  105   99   96   94   93   90   87   86   86   85   85   85
   79   73   68   65   64   68   80   97  115  133  147  160  171  183  197  214
  231  254  282  318  360  398  427  438  446
    15.0-180.0 180.0   5.0 450.0                            LAT/LON1/LON2/DLON/H
  442  455  450  428  389  343  302  265  240  222  205  188  175  166  161  158
  155  151  146  137  130  127  129  136  143  148  149  146  144  142  140  136
  129  121  115  110  105   99   96   94   92   89   85   83   82   82   81   81
   75   71   67   64   65   69   81  100  121  138  153  166  178  192  206  223
  240  261  284  314  349  385  413  429  442
    12.5-180.0 180.0   5.0 450.0                            LAT/LON1/LON2/DLON/H
  417  438  448  438  410  370  328  292  266  245  223  203  186  174  167  162
  157  153  147  138  135  135  140  149  156  160  158  152  145  141  138  133
  126  119  113  108  104   98   95   94   92   88   84   81   79   78   77   76
   73   69   67   65   66   70   82  102  124  142  156  170  183  197  212  229
  247  267  285  306  334  363  387  403  417
    10.0-180.0 180.0   5.0 450.0                            LAT/LON1/LON2/DLON/H
  382  403  422  424  409  380  347  316  291  267  243  219  199  186  177  169
  164  157  149  144  143  146  154  164  170  170  164  154  144  137  133  129
  122  115  109  105  102   98   95   94   92   89   85   81   77   75   74   73
   71   68   66   64   65   69   82  104  127  145  159  172  186  201  216  233
  252  270  286  303  320  340  359  369  382
     7.5-180.0 180.0   5.0 450.0                            LAT/LON1/LON2/DLON/H
  346  363  383  393  391  376  355  332  310  287  262  237  215  199  189  180
  172  166  160  160  159  162  170  178  181  178  168  154  141  134  129  124
  118  111  106  102   99   97   95   95   95   92   88   83   77   74   72   71
   69   67   65   63   64   70   84  106  129  146  160  172  186  202  218  236
  255  274  289  302  312  325  334  338  346
     5.0-180.0 180.0   5.0 450.0                            LAT/LON1/LON2/DLON/H
  319  329  345  360  366  363  354  341  324  303  279  254  231  215  201  191
  183  179  177  178  179  180  185  190  191  184  171  155  141  131  127  122
  116  109  104  100   98   96   96   97   98   96   91   84   78   73   71   69
   68   66   64   62   64   72   87  109  131  147  159  171  185  202  219  237
  258  280  296  307  315  319  321  319  319
     2.5-180.0 180.0   5.0 450.0                            LAT/LON1/LON2/DLON/H
  309  309  319  334  344  351  351  345  333  313  291  267  247  232  215  206
  198  195  196  200  202  200  200  201  199  190  174  157  142  132  127  123
  117  111  105  100   98   96   97   99  100   99   95   88   81   75   73   71
   70   67   66   64   66   74   90  112  132  147  157  170  184  201  219  239
  261  286  305  319  327  329  324  316  309
